1.000000 0.000002 0.000000 -0.000173 -0.000002 1.000000 -0.000000 -105.246254 -0.000000 -0.000000 1.000000 -1.765147 0.000000 0.000000 0.000000 1.000000 
1.000000 -0.000000 0.000000 -0.004644 -0.000000 0.998011 -0.063033 -110.144222 -0.000000 0.063033 0.998011 -8.984593 0.000000 0.000000 0.000000 1.000000 
1.000000 -0.000000 0.000000 -0.004644 -0.000000 0.991036 -0.133599 -120.269723 -0.000000 0.133599 0.991036 -17.551631 0.000000 0.000000 0.000000 1.000000 
1.000000 0.000000 0.000000 -0.004644 -0.000000 1.000000 0.000000 -129.605327 0.000000 -0.000000 1.000000 -0.238662 0.000000 0.000000 0.000000 1.000000 
1.000000 0.000000 0.000000 0.107557 -0.000000 1.000000 0.000000 -148.524857 0.000000 -0.000000 1.000000 3.497448 0.000000 0.000000 0.000000 1.000000 
1.000000 0.000000 0.000000 0.107557 -0.000000 1.000000 0.000000 -157.197845 0.000000 -0.000000 1.000000 0.178141 0.000000 0.000000 0.000000 1.000000 
1.000000 0.000000 0.000000 0.107557 -0.000000 1.000000 0.000000 -175.943146 0.000000 -0.000000 1.000000 -9.193199 0.000000 0.000000 0.000000 1.000000 
-0.005157 0.000000 -0.999987 -4.371457 0.982662 -0.185337 -0.005068 20.535856 -0.185335 -0.982675 0.000956 143.233693 0.000000 0.000000 0.000000 1.000000 
0.000001 -0.000000 -1.000000 -4.450585 1.000000 -0.000002 0.000001 -15.328677 -0.000002 -1.000000 -0.000000 142.863587 0.000000 0.000000 0.000000 1.000000 
0.000000 -0.000000 -1.000000 -4.450564 1.000000 -0.000001 0.000000 -39.902661 -0.000001 -1.000000 -0.000000 142.863556 0.000000 0.000000 0.000000 1.000000 
0.000000 -0.000000 -1.000000 -4.450564 1.000000 -0.000001 0.000000 -62.999264 -0.000001 -1.000000 -0.000000 142.863556 0.000000 0.000000 0.000000 1.000000 
0.509904 0.023277 -0.859916 -39.382673 0.774599 -0.447215 0.447208 12.670472 -0.374158 -0.894124 -0.246067 150.719536 0.000000 0.000000 0.000000 1.000000 
0.509901 0.023279 -0.859918 -39.382701 0.774601 -0.447215 0.447204 9.374914 -0.374158 -0.894123 -0.246067 150.719538 0.000000 0.000000 0.000000 1.000000 
0.509901 0.023279 -0.859918 -39.382739 0.774601 -0.447216 0.447204 5.818270 -0.374158 -0.894123 -0.246068 150.719536 0.000000 0.000000 0.000000 1.000000 
0.509901 0.023279 -0.859918 -39.382738 0.774601 -0.447216 0.447204 2.489270 -0.374158 -0.894123 -0.246068 150.719534 0.000000 0.000000 0.000000 1.000000 
0.004898 -0.000000 -0.999988 -2.486819 0.999988 -0.000062 0.004898 -74.083776 -0.000062 -1.000000 -0.000000 142.638624 0.000000 0.000000 0.000000 1.000000 
0.009222 0.000000 -0.999957 -2.818447 0.999957 -0.000126 0.009222 -76.663247 -0.000126 -1.000000 -0.000001 142.643503 0.000000 0.000000 0.000000 1.000000 
0.011161 -0.000000 -0.999938 -2.971063 0.999938 -0.000154 0.011161 -78.653724 -0.000154 -1.000000 -0.000002 142.645709 0.000000 0.000000 0.000000 1.000000 
0.011161 -0.000000 -0.999938 -2.971063 0.999938 -0.000154 0.011161 -81.109206 -0.000154 -1.000000 -0.000002 142.645709 0.000000 0.000000 0.000000 1.000000 
-0.000674 0.000000 -1.000000 -4.400345 1.000000 0.000015 -0.000674 -74.452096 0.000015 -1.000000 -0.000000 142.862443 0.000000 0.000000 0.000000 1.000000 
-0.000773 -0.000000 -1.000000 -4.392695 1.000000 0.000017 -0.000773 -77.352856 0.000017 -1.000000 -0.000000 142.862267 0.000000 0.000000 0.000000 1.000000 
-0.000030 0.000000 -1.000000 -4.451635 1.000000 -0.000000 -0.000030 -79.347135 -0.000000 -1.000000 -0.000000 142.863625 0.000000 0.000000 0.000000 1.000000 
-0.000030 0.000000 -1.000000 -4.451635 1.000000 -0.000000 -0.000030 -81.632145 -0.000000 -1.000000 -0.000000 142.863625 0.000000 0.000000 0.000000 1.000000 
-0.000023 0.000000 -1.000000 -6.696132 1.000000 -0.000002 -0.000023 -73.604919 -0.000002 -1.000000 0.000000 143.131911 0.000000 0.000000 0.000000 1.000000 
-0.001469 0.000000 -0.999999 -6.585372 0.999999 0.000050 -0.001469 -76.621972 0.000050 -1.000000 -0.000000 143.127971 0.000000 0.000000 0.000000 1.000000 
0.000018 -0.000000 -1.000000 -6.702536 1.000000 -0.000004 0.000018 -78.804494 -0.000004 -1.000000 -0.000000 143.132158 0.000000 0.000000 0.000000 1.000000 
0.000018 -0.000000 -1.000000 -6.702536 1.000000 -0.000004 0.000018 -80.990632 -0.000004 -1.000000 -0.000000 143.132162 0.000000 0.000000 0.000000 1.000000 
-0.000284 0.000000 -1.000000 -8.457777 1.000000 0.000003 -0.000284 -72.630403 0.000003 -1.000000 -0.000000 142.521603 0.000000 0.000000 0.000000 1.000000 
0.001378 0.000000 -0.999999 -8.583315 0.999999 -0.000023 0.001378 -75.513093 -0.000023 -1.000000 -0.000000 142.523542 0.000000 0.000000 0.000000 1.000000 
-0.000339 -0.000000 -1.000000 -8.451432 1.000000 0.000003 -0.000339 -76.829164 0.000003 -1.000000 -0.000000 142.521509 0.000000 0.000000 0.000000 1.000000 
-0.000339 -0.000000 -1.000000 -8.451432 1.000000 0.000003 -0.000339 -78.842161 0.000003 -1.000000 -0.000000 142.521509 0.000000 0.000000 0.000000 1.000000 
-0.005157 -0.000000 0.999987 4.371502 -0.982675 -0.185267 -0.005068 20.534751 0.185265 -0.982688 0.000955 143.233222 0.000000 0.000000 0.000000 1.000000 
0.000000 -0.000000 1.000000 4.450576 -1.000000 0.000000 0.000000 -15.319698 -0.000000 -1.000000 0.000000 142.864000 0.000000 0.000000 0.000000 1.000000 
0.000000 0.000000 1.000000 4.450560 -1.000000 -0.000043 0.000000 -39.887414 0.000043 -1.000000 -0.000000 142.865727 0.000000 0.000000 0.000000 1.000000 
0.000000 0.000000 1.000000 4.450560 -1.000000 -0.000043 0.000000 -62.984014 0.000043 -1.000000 -0.000000 142.865727 0.000000 0.000000 0.000000 1.000000 
0.507641 -0.017875 0.861383 38.467193 -0.774570 -0.447276 0.447198 12.688097 0.377282 -0.894217 -0.240901 150.950211 0.000000 0.000000 0.000000 1.000000 
0.507634 -0.017879 0.861387 38.467211 -0.774657 -0.447080 0.447242 9.359208 0.377113 -0.894315 -0.240803 150.952266 0.000000 0.000000 0.000000 1.000000 
0.507626 -0.017882 0.861392 38.467200 -0.774585 -0.447264 0.447185 5.833558 0.377273 -0.894223 -0.240895 150.951068 0.000000 0.000000 0.000000 1.000000 
0.507626 -0.017882 0.861392 38.467202 -0.774585 -0.447264 0.447185 2.504421 0.377273 -0.894223 -0.240895 150.951072 0.000000 0.000000 0.000000 1.000000 
0.004896 -0.000000 0.999988 2.486669 -0.999988 0.000000 0.004896 -74.083313 -0.000000 -1.000000 0.000000 142.634000 0.000000 0.000000 0.000000 1.000000 
0.009225 -0.000000 0.999957 2.818578 -0.999957 0.000000 0.009225 -76.671862 -0.000000 -1.000000 0.000000 142.634000 0.000000 0.000000 0.000000 1.000000 
0.011159 -0.000000 0.999938 2.970750 -0.999938 -0.000407 0.011159 -78.608254 0.000407 -1.000000 -0.000005 142.666025 0.000000 0.000000 0.000000 1.000000 
0.011159 -0.000000 0.999938 2.970750 -0.999938 -0.000407 0.011159 -81.063707 0.000407 -1.000000 -0.000005 142.666025 0.000000 0.000000 0.000000 1.000000 
-0.000672 -0.000000 1.000000 4.400477 -1.000000 -0.000000 -0.000672 -74.440676 0.000000 -1.000000 -0.000000 142.864000 0.000000 0.000000 0.000000 1.000000 
-0.000775 -0.000000 1.000000 4.392542 -1.000000 -0.000000 -0.000775 -77.341127 0.000000 -1.000000 -0.000000 142.864000 0.000000 0.000000 0.000000 1.000000 
-0.000031 -0.000000 1.000000 4.451600 -1.000000 0.000000 -0.000031 -79.337836 0.000000 -1.000000 -0.000000 142.864000 0.000000 0.000000 0.000000 1.000000 
-0.000031 -0.000000 1.000000 4.451600 -1.000000 0.000000 -0.000031 -81.622836 0.000000 -1.000000 -0.000000 142.864000 0.000000 0.000000 0.000000 1.000000 
-0.000023 -0.000000 1.000000 6.696133 -1.000000 0.000000 -0.000023 -73.595856 0.000000 -1.000000 -0.000000 143.132000 0.000000 0.000000 0.000000 1.000000 
-0.001468 -0.000000 0.999999 6.585456 -0.999999 0.000000 -0.001468 -76.605551 0.000000 -1.000000 -0.000000 143.132000 0.000000 0.000000 0.000000 1.000000 
0.000018 -0.000000 1.000000 6.702592 -1.000000 0.000000 0.000018 -78.795677 -0.000000 -1.000000 -0.000000 143.132000 0.000000 0.000000 0.000000 1.000000 
0.000018 -0.000000 1.000000 6.702592 -1.000000 0.000000 0.000018 -80.981877 -0.000000 -1.000000 -0.000000 143.132000 0.000000 0.000000 0.000000 1.000000 
-0.000286 -0.000000 1.000000 8.457632 -1.000000 -0.000000 -0.000286 -72.620723 0.000000 -1.000000 -0.000000 142.522000 0.000000 0.000000 0.000000 1.000000 
0.001379 -0.000000 0.999999 8.583410 -0.999999 -0.000000 0.001379 -75.507131 -0.000000 -1.000000 -0.000000 142.522000 0.000000 0.000000 0.000000 1.000000 
-0.000338 -0.000000 1.000000 8.451502 -1.000000 -0.000000 -0.000338 -76.819359 0.000000 -1.000000 -0.000000 142.522000 0.000000 0.000000 0.000000 1.000000 
-0.000338 -0.000000 1.000000 8.451502 -1.000000 -0.000000 -0.000338 -78.832359 0.000000 -1.000000 -0.000000 142.522000 0.000000 0.000000 0.000000 1.000000 
-1.000000 -0.000000 -0.000000 9.688764 -0.000000 -0.999411 0.034331 99.499757 -0.000000 0.034331 0.999411 -3.494498 0.000000 0.000000 0.000000 1.000000 
-1.000000 -0.000000 -0.000000 9.688764 0.000000 -0.994465 -0.105067 56.270003 -0.000000 -0.105067 0.994465 4.377812 0.000000 0.000000 0.000000 1.000000 
-0.998146 -0.030436 0.052713 10.296408 0.051851 -0.878761 0.474437 14.700776 0.031883 0.476290 0.878710 -5.448084 0.000000 0.000000 0.000000 1.000000 
-0.999158 -0.000002 0.041033 10.374742 0.041033 -0.000977 0.999157 -6.240754 0.000038 1.000000 0.000977 -0.015097 0.000000 0.000000 0.000000 1.000000 
-0.999158 -0.000002 0.041033 10.374740 0.041033 -0.000977 0.999157 -20.008961 0.000038 1.000000 0.000977 -0.015097 0.000000 0.000000 0.000000 1.000000 
-1.000000 -0.000000 -0.000000 -9.688760 -0.000000 -0.999411 0.034331 99.499780 -0.000000 0.034331 0.999411 -3.494499 0.000000 0.000000 0.000000 1.000000 
-1.000000 0.000000 -0.000000 -9.688760 0.000000 -0.994465 -0.105067 56.269980 -0.000000 -0.105067 0.994465 4.377806 0.000000 0.000000 0.000000 1.000000 
-0.998146 0.030433 -0.052714 -10.296354 -0.051848 -0.878761 0.474437 14.700781 -0.031884 0.476291 0.878710 -5.448098 0.000000 0.000000 0.000000 1.000000 
-0.999157 -0.000002 -0.041046 -10.374609 -0.041046 -0.000978 0.999157 -6.240897 -0.000042 1.000000 0.000977 -0.015120 0.000000 0.000000 0.000000 1.000000 
-0.999157 -0.000002 -0.041046 -10.374610 -0.041046 -0.000978 0.999157 -20.009066 -0.000042 1.000000 0.000977 -0.015120 0.000000 0.000000 0.000000 1.000000 
