0.96276 -0.002103 -0.27035 -0.002211 -0.021616 0.99617 -0.084728 99.405205 0.269493 0.087416 0.959027 -0.004817 0.0 0.0 0.0 1.0 
0.99701 5e-05 0.077279 0.004652 0.025706 0.94284 -0.332254 5.245265 -0.072878 0.333247 0.940019 0.258842 0.0 0.0 0.0 1.0 
-0.985195 0.163091 0.052844 9.688754 -0.105478 -0.819626 0.563105 -5.685196 0.13515 0.549195 0.824694 -1.688625 0.0 0.0 0.0 1.0 
-0.961265 -0.20785 -0.181022 -9.688769 0.149375 -0.944801 0.291612 -5.685142 -0.231641 0.253276 0.939252 -1.688622 0.0 0.0 0.0 1.0 
0.999658 0.011649 0.023411 -0.0 -0.011802 0.99991 0.006384 11.066929 -0.023335 -0.006658 0.999706 -0.0 0.0 0.0 0.0 1.0 
0.996094 -0.016339 -0.086774 -0.0 0.064512 0.805668 0.588844 43.167999 0.06029 -0.592142 0.803575 -0.0 0.0 0.0 0.0 1.0 
0.993 -0.036688 0.112276 -0.0 -0.039119 0.794748 0.605678 43.168045 -0.111452 -0.60583 0.787749 -0.0 0.0 0.0 0.0 1.0 
0.999628 0.01476 0.022928 0.0 -0.009955 0.980335 -0.197089 8.141873 -0.025387 0.196787 0.980118 -0.0 0.0 0.0 0.0 1.0 
0.995786 0.034048 -0.085153 1e-06 -0.076054 0.825439 -0.559344 40.817722 0.051244 0.563463 0.82455 0.0 0.0 0.0 0.0 1.0 
0.983972 -0.095003 0.150909 1e-06 0.176929 0.625742 -0.759699 40.817719 -0.022256 0.774223 0.632521 -0.0 0.0 0.0 0.0 1.0 
0.999013 -0.039858 0.019593 -0.1122 0.034587 0.974937 0.219776 18.919529 -0.027862 -0.218881 0.975354 -3.736109 0.0 0.0 0.0 1.0 
0.352799 0.935571 -0.015508 6.339203 0.126329 -0.064047 -0.989919 14.952888 -0.927132 0.347283 -0.140785 -4.642895 0.0 0.0 0.0 1.0 
0.453526 -0.869251 -0.196768 -6.339204 -0.212362 0.109022 -0.97109 14.952673 0.865573 0.4822 -0.135152 -4.642891 0.0 0.0 0.0 1.0 
0.998756 0.035624 -0.034879 0.0 -0.047557 0.470739 -0.88099 18.0 -0.014965 0.881553 0.471847 0.0 0.0 0.0 0.0 1.0 
0.999094 -0.032271 0.027754 -0.0 0.039449 0.457193 -0.888492 18.0 0.015984 0.888782 0.458051 0.0 0.0 0.0 0.0 1.0 
0.989033 0.057017 0.136242 0.0 -0.088931 0.966406 0.241145 8.672989 -0.117916 -0.250617 0.960878 3.319307 0.0 0.0 0.0 1.0 
0.816205 -0.556282 0.156078 0.0 0.330767 0.228408 -0.915654 9.143654 0.473712 0.798987 0.370427 -0.0 0.0 0.0 0.0 1.0 
0.717665 0.675072 -0.170981 -0.0 -0.417686 0.220813 -0.881351 9.143551 -0.55722 0.703932 0.440438 -0.0 0.0 0.0 0.0 1.0 
1.0 0.0 0.0 0.0 -0.0 1.0 -0.0 13.768207 -0.0 0.0 1.0 -0.0 0.0 0.0 0.0 1.0 
1.0 0.0 0.0 -0.0 0.0 1.0 -0.0 13.768169 -0.0 0.0 1.0 -0.0 0.0 0.0 0.0 1.0 
1.0 0.0 0.0 0.0 0.0 1.0 0.0 18.7453 0.0 -0.0 1.0 9.371341 0.0 0.0 0.0 1.0 
0.729367 -0.683581 -0.027233 0.0 0.684123 0.728789 0.029032 24.573872 1e-06 -0.039806 0.999207 -0.0 0.0 0.0 0.0 1.0 
0.541511 0.816096 0.201875 0.0 -0.840694 0.525701 0.129895 24.5739 -0.000119 -0.240054 0.970759 -0.0 0.0 0.0 0.0 1.0 
0.891002 -0.258661 -0.373109 0.0 0.188526 0.958419 -0.214223 23.096603 0.413006 0.120532 0.902717 -0.0 0.0 0.0 0.0 1.0 
0.827247 0.312447 0.466946 -0.0 -0.277252 0.949883 -0.144409 23.0966 -0.488664 -0.01 0.872414 0.0 0.0 0.0 0.0 1.0 
0.863272 -0.490509 0.119008 -2.005526 0.480642 0.726899 -0.490511 3.660326 0.154093 0.480645 0.86327 1.518457 0.0 0.0 0.0 1.0 
0.97708 -0.029229 -0.210857 -2.326633 -0.197079 0.250205 -0.947922 11.104463 0.080465 0.967752 0.23871 0.229431 0.0 0.0 0.0 1.0 
0.958035 0.054592 -0.281404 -2.8e-05 -0.285363 0.088684 -0.954308 11.447563 -0.027142 0.994563 0.100541 -7.7e-05 0.0 0.0 0.0 1.0 
0.913791 -0.015939 -0.405871 2.247297 -0.392854 0.219205 -0.893093 10.605582 0.103204 0.975549 0.194046 -0.26831 0.0 0.0 0.0 1.0 
0.885394 0.061798 -0.460715 4.027859 -0.376685 0.676128 -0.633214 9.628189 0.27237 0.734188 0.621918 0.341676 0.0 0.0 0.0 1.0 
0.80594 0.435316 -0.401198 2.00553 -0.535762 0.824632 -0.181496 3.660366 0.251833 0.361222 0.89783 1.517842 0.0 0.0 0.0 1.0 
0.955887 -0.160919 -0.245733 2.32664 0.00698 0.848793 -0.52868 11.10441 0.293651 0.503643 0.812473 0.228519 0.0 0.0 0.0 1.0 
0.983299 -0.136971 0.119838 3e-05 0.08784 -0.219517 -0.971646 11.4475 0.159394 0.965946 -0.20382 -0.001496 0.0 0.0 0.0 1.0 
0.983191 -0.046635 0.176526 -2.24729 0.155369 -0.29412 -0.943056 10.605489 0.095899 0.95463 -0.281931 -0.269459 0.0 0.0 0.0 1.0 
0.949365 -0.070346 0.306199 -4.02785 0.294897 -0.136622 -0.945712 9.628115 0.108361 0.988122 -0.108959 0.340583 0.0 0.0 0.0 1.0 
0.784876 0.608432 0.117388 0.0 -0.564387 0.780135 -0.26992 3.295428 -0.255807 0.145601 0.9557 -0.0 0.0 0.0 0.0 1.0 
0.99846 0.02625 -0.048873 0.0 -0.05362 0.682613 -0.72881 2.600022 0.01423 0.730309 0.682969 0.0 0.0 0.0 0.0 1.0 
1.0 0.000406 -0.00027 0.0 -0.000377 0.294294 -0.955715 2.9 -0.000309 0.955715 0.294294 0.0 0.0 0.0 0.0 1.0 
0.999855 0.010887 -0.013093 0.0 -0.017027 0.629189 -0.777066 3.000088 -0.000222 0.777176 0.629283 0.0 0.0 0.0 0.0 1.0 
1.0 0.000423 -0.000388 0.0 -0.000463 0.196583 -0.980487 2.900512 -0.000338 0.980487 0.196583 0.0 0.0 0.0 0.0 1.0 
0.713056 -0.613242 0.339831 0.0 0.676917 0.728398 -0.105924 3.295506 -0.182576 0.305567 0.934502 -0.0 0.0 0.0 0.0 1.0 
0.999981 0.005175 0.003245 0.0 0.004997 -0.387697 -0.921773 2.600031 -0.003512 0.921772 -0.387716 -0.0 0.0 0.0 0.0 1.0 
1.0 -0.000425 0.000187 0.0 0.000369 0.484527 -0.874776 2.900001 0.000282 0.874776 0.484527 0.0 0.0 0.0 0.0 1.0 
0.999954 -0.006409 -0.007113 -0.0 0.000127 0.751682 -0.659525 3.0001 0.009574 0.659494 0.751649 0.0 0.0 0.0 0.0 1.0 
1.0 -0.000315 0.000108 -0.0 0.000302 0.721207 -0.692719 2.9006 0.000141 0.692719 0.721207 0.0 0.0 0.0 0.0 1.0 
0.330984 0.8519 0.405852 -0.0 -0.274745 0.49846 -0.822225 3.556713 -0.902754 0.160637 0.399037 0.0 0.0 0.0 0.0 1.0 
0.996557 -0.079758 -0.022654 -0.0 -0.006609 0.195951 -0.980591 2.000093 0.082649 0.977365 0.194749 -0.0 0.0 0.0 0.0 1.0 
0.999743 -0.009233 -0.020724 0.0 0.001611 0.940029 -0.341089 2.000009 0.02263 0.340968 0.939802 -0.0 0.0 0.0 0.0 1.0 
0.98234 0.18707 -0.003515 0.0 -0.146302 0.756278 -0.637682 2.200002 -0.116633 0.626935 0.770291 -0.0 0.0 0.0 0.0 1.0 
1.0 0.000155 1.8e-05 -0.0 -0.000131 0.896508 -0.443027 1.297676 -8.5e-05 0.443027 0.896508 -0.0 0.0 0.0 0.0 1.0 
0.604561 -0.796416 -0.015083 0.0 0.782617 0.5974 -0.175 3.556412 0.148383 0.093994 0.984453 -0.0 0.0 0.0 0.0 1.0 
0.999423 -0.032015 -0.011388 0.0 0.020493 0.835205 -0.549557 2.000085 0.027105 0.549006 0.835379 -0.0 0.0 0.0 0.0 1.0 
0.999448 -0.011903 -0.031005 0.0 -0.006022 0.853137 -0.521653 2.000001 0.032661 0.521552 0.852594 0.0 0.0 0.0 0.0 1.0 
0.99981 -0.000896 -0.019464 0.0 -0.014591 0.627594 -0.778404 2.200002 0.012913 0.77854 0.627462 0.0 0.0 0.0 0.0 1.0 
1.0 -0.00043 0.000279 -0.0 0.000466 0.533547 -0.84577 1.297601 0.000215 0.84577 0.533547 0.0 0.0 0.0 0.0 1.0 
1.0 0.0 -0.0 0.0 0.0 1.0 -0.0 3.329 0.0 0.0 1.0 -0.0 0.0 0.0 0.0 1.0 
1.0 -0.0 0.0 0.0 0.0 1.0 0.0 2.455482 -0.0 -0.0 1.0 0.0 0.0 0.0 0.0 1.0 
1.0 0.0 -0.0 -0.0 0.0 1.0 -0.0 2.285011 0.0 0.0 1.0 -0.0 0.0 0.0 0.0 1.0 
1.0 0.0 -0.0 0.0 0.0 1.0 -0.0 2.186138 -0.0 0.0 1.0 0.0 0.0 0.0 0.0 1.0 
1.0 0.0 0.0 0.0 0.0 1.0 0.0 2.012997 0.0 -0.0 1.0 -0.0 0.0 0.0 0.0 1.0 
1.0 0.0 0.0 0.0 -0.0 1.0 -0.0 3.329138 0.0 -0.0 1.0 -0.0 0.0 0.0 0.0 1.0 
1.0 0.0 0.0 -0.0 -0.0 1.0 -0.0 2.455453 -0.0 0.0 1.0 -0.0 0.0 0.0 0.0 1.0 
1.0 0.0 -0.0 0.0 0.0 1.0 0.0 2.285 0.0 -0.0 1.0 0.0 0.0 0.0 0.0 1.0 
1.0 0.0 0.0 0.0 0.0 1.0 -0.0 2.1862 -0.0 0.0 1.0 -0.0 0.0 0.0 0.0 1.0 
1.0 -0.0 0.0 -0.0 -0.0 1.0 0.0 2.013 -0.0 -0.0 1.0 0.0 0.0 0.0 0.0 1.0 
