0.992711 -0.114055 -0.038948 -1.001572 0.116606 0.99063 0.071098 107.562874 0.030474 -0.075121 0.996709 -2.209939 0.0 0.0 0.0 1.0 
0.994286 -0.106669 0.004098 0.00108 0.106701 0.991982 -0.06773 10.871702 0.003159 0.06778 0.997695 -0.828477 0.0 0.0 0.0 1.0 
-0.845782 -0.134113 0.516398 12.499873 0.184652 -0.981656 0.047487 -6.038877 0.500557 0.135518 0.855031 1.644856 0.0 0.0 0.0 1.0 
-0.83123 -0.427442 -0.355456 -12.499893 0.322864 -0.891688 0.317256 -6.038763 -0.452564 0.148949 0.879204 1.644859 0.0 0.0 0.0 1.0 
0.999417 -0.033742 -0.005162 -0.0 0.0337 0.9994 -0.007933 12.720427 0.005426 0.007754 0.999955 -0.0 0.0 0.0 0.0 1.0 
0.971474 -0.178686 0.155915 0.0 0.049948 0.796889 0.602058 51.639999 -0.231826 -0.577096 0.783082 -0.0 0.0 0.0 0.0 1.0 
0.971792 0.170137 -0.163323 0.0 -0.038162 0.796828 0.603 51.640057 0.232733 -0.579757 0.780844 -0.0 0.0 0.0 0.0 1.0 
0.999403 -0.034393 -0.003235 -0.0 0.034002 0.995915 -0.083644 14.537618 0.006099 0.083484 0.99649 0.0 0.0 0.0 0.0 1.0 
0.987713 -0.078842 0.134935 0.0 0.145865 0.155168 -0.97706 44.299999 0.056096 0.984737 0.164762 0.0 0.0 0.0 0.0 1.0 
0.973925 -0.216168 0.068864 0.0 0.117343 0.220182 -0.968375 44.300014 0.194169 0.951205 0.239807 0.0 0.0 0.0 0.0 1.0 
0.999984 -0.001754 0.005399 0.002869 0.002368 0.993273 -0.115771 16.307552 -0.00516 0.115782 0.993261 -1.242715 0.0 0.0 0.0 1.0 
0.044319 0.962951 -0.266011 5.906096 -0.030885 -0.264825 -0.963802 14.347039 -0.99854 0.05093 0.018004 -1.215952 0.0 0.0 0.0 1.0 
0.002017 -0.982137 0.188156 -5.940401 -0.100252 -0.187407 -0.977153 14.347039 0.99496 -0.016892 -0.098839 -1.215952 0.0 0.0 0.0 1.0 
0.993768 0.015172 -0.110431 0.0 -0.075541 0.82017 -0.567111 20.5 0.081968 0.571918 0.816205 -0.0 0.0 0.0 0.0 1.0 
0.993548 -0.006169 0.113247 -0.0 0.077148 0.768676 -0.634969 20.500006 -0.083133 0.639608 0.764192 -0.0 0.0 0.0 0.0 1.0 
0.972747 0.191884 0.130166 -0.0 -0.201873 0.977025 0.068339 11.176673 -0.114062 -0.092753 0.989134 5.13454 0.0 0.0 0.0 1.0 
0.691811 0.008627 -0.722027 -0.0 0.010261 0.99971 0.021776 12.44066 0.722006 -0.022474 0.691522 -0.0 0.0 0.0 0.0 1.0 
0.498136 0.276691 0.821768 0.0 -0.275014 0.949205 -0.152893 12.44066 -0.822331 -0.149836 0.548928 0.0 0.0 0.0 0.0 1.0 
1.0 -0.0 -0.0 -0.0 0.0 1.0 0.0 8.174224 0.0 -0.0 1.0 -0.0 0.0 0.0 0.0 1.0 
1.0 -0.0 0.0 -0.0 0.0 1.0 0.0 8.174223 -0.0 -0.0 1.0 -0.0 0.0 0.0 0.0 1.0 
1.0 0.0 -0.0 -0.0 0.0 1.0 -0.0 19.355299 0.0 -0.0 1.0 1.980896 0.0 0.0 0.0 1.0 
0.0 1.0 0.0 3.004363 0.0 0.0 -1.0 7.218844 -1.0 0.0 0.0 7.998926 0.0 0.0 0.0 1.0 
0.0 -1.0 -0.0 -3.044405 -0.0 0.0 -1.0 7.218844 1.0 0.0 0.0 7.998926 0.0 0.0 0.0 1.0 
-0.303675 -0.944681 0.12393 1.8e-05 0.942987 -0.316599 -0.102667 27.894697 0.136224 0.085686 0.986965 -0.0 0.0 0.0 0.0 1.0 
0.080628 0.996744 -0.0 -0.0 -0.996744 0.080628 0.0 27.894697 0.0 0.0 1.0 0.0 0.0 0.0 0.0 1.0 
0.991223 -0.003794 -0.132142 9.7e-05 0.057184 0.913538 0.402714 28.325472 0.119189 -0.406736 0.905737 0.0 0.0 0.0 0.0 1.0 
0.973148 0.183102 -0.139488 0.0 -0.184454 0.982836 0.003285 28.325472 0.137695 0.022532 0.990218 -0.0 0.0 0.0 0.0 1.0 
0.559071 -0.210791 0.801877 -2.443966 0.779328 0.463708 -0.421453 3.245312 -0.282999 0.860547 0.423521 0.952264 0.0 0.0 0.0 1.0 
0.998343 0.057152 -0.006767 -2.441101 -0.0575 0.985581 -0.159135 9.644822 -0.002426 0.159261 0.987234 0.286486 0.0 0.0 0.0 1.0 
0.99835 0.057011 -0.006792 -3.8e-05 -0.057364 0.98552 -0.159564 9.898596 -0.002404 0.15969 0.987164 4.4e-05 0.0 0.0 0.0 1.0 
0.998391 0.056292 -0.006812 2.664395 -0.056656 0.985502 -0.159922 8.985944 -0.002289 0.160051 0.987106 0.175242 0.0 0.0 0.0 1.0 
0.99833 0.05736 -0.006843 4.366686 -0.057714 0.985357 -0.160441 7.803139 -0.00246 0.160568 0.987022 0.191724 0.0 0.0 0.0 1.0 
0.555894 0.232209 -0.798161 2.443935 -0.79212 0.439121 -0.423933 3.245344 0.252049 0.867901 0.428042 0.952239 0.0 0.0 0.0 1.0 
0.998647 -0.051664 0.00592 2.441011 0.051973 0.987756 -0.147097 9.644848 0.001753 0.147206 0.989104 0.286402 0.0 0.0 0.0 1.0 
0.998659 -0.05142 0.005941 -5.3e-05 0.051734 0.987716 -0.14745 9.898596 0.001714 0.14756 0.989052 -4.6e-05 0.0 0.0 0.0 1.0 
0.998705 -0.050517 0.005954 -2.664479 0.050842 0.987726 -0.147691 8.985921 0.00158 0.147803 0.989016 0.175155 0.0 0.0 0.0 1.0 
0.998768 -0.049249 0.006053 -4.366759 0.049603 0.987754 -0.147927 7.803101 0.001306 0.148045 0.98898 0.191645 0.0 0.0 0.0 1.0 
0.83026 0.550797 -0.085392 -0.0 -0.552107 0.833718 0.009567 3.338198 0.076462 0.039203 0.996301 -0.0 0.0 0.0 0.0 1.0 
0.998974 0.044166 -0.010011 0.0 -0.044166 0.90128 -0.430979 3.105731 -0.010012 0.430979 0.902306 -0.0 0.0 0.0 0.0 1.0 
0.998981 0.044032 -0.009947 0.0 -0.044032 0.901914 -0.429665 3.757043 -0.009947 0.429665 0.902933 -0.0 0.0 0.0 0.0 1.0 
0.998983 0.043979 -0.009922 0.0 -0.043979 0.902162 -0.42915 3.488802 -0.009922 0.42915 0.903179 0.0 0.0 0.0 0.0 1.0 
0.998987 0.043896 -0.009883 0.0 -0.043896 0.902552 -0.428338 3.218866 -0.009883 0.428338 0.903565 -0.0 0.0 0.0 0.0 1.0 
0.810963 -0.578657 0.086574 0.0 0.579066 0.814959 0.022883 3.338198 -0.083796 0.031575 0.995983 -0.0 0.0 0.0 0.0 1.0 
0.99935 -0.035158 0.00798 0.0 0.035158 0.901398 -0.431563 3.105731 0.00798 0.431563 0.902048 0.0 0.0 0.0 0.0 1.0 
0.999355 -0.035024 0.007916 0.0 0.035024 0.902189 -0.429916 3.757043 0.007916 0.429916 0.902834 0.0 0.0 0.0 0.0 1.0 
0.999356 -0.035003 0.007906 0.0 0.035003 0.902306 -0.429673 3.488802 0.007906 0.429673 0.90295 0.0 0.0 0.0 0.0 1.0 
0.999359 -0.034931 0.007872 0.0 0.034931 0.902735 -0.428777 3.218866 0.007871 0.428777 0.903376 0.0 0.0 0.0 0.0 1.0 
0.963033 -0.26938 0.001577 -0.0 0.259886 0.9306 0.257765 3.745774 -0.070904 -0.247827 0.966206 -0.0 0.0 0.0 0.0 1.0 
0.999663 -0.025763 -0.003292 0.0 0.025763 0.967542 0.251394 2.847726 -0.003292 -0.251394 0.967879 -0.0 0.0 0.0 0.0 1.0 
0.999663 -0.025764 -0.003292 0.0 0.025764 0.967539 0.251404 3.615164 -0.003292 -0.251404 0.967877 -0.0 0.0 0.0 0.0 1.0 
0.999661 -0.025809 -0.003304 0.0 0.025809 0.967423 0.251847 3.511884 -0.003304 -0.251847 0.967762 -0.0 0.0 0.0 0.0 1.0 
0.999663 -0.02576 -0.003291 0.0 0.02576 0.967549 0.251367 2.622372 -0.003291 -0.251367 0.967886 -0.0 0.0 0.0 0.0 1.0 
0.986522 0.162454 -0.019589 0.0 -0.152045 0.954322 0.257199 3.745774 0.060478 -0.250754 0.96616 -0.0 0.0 0.0 0.0 1.0 
0.999786 0.020517 0.002626 0.0 -0.020517 0.967548 0.251853 2.847726 0.002626 -0.251853 0.967762 0.0 0.0 0.0 0.0 1.0 
0.999786 0.020514 0.002625 0.0 -0.020514 0.967555 0.251826 3.615164 0.002626 -0.251826 0.967769 0.0 0.0 0.0 0.0 1.0 
0.999786 0.020525 0.002628 0.0 -0.020525 0.967521 0.251958 3.511884 0.002629 -0.251958 0.967735 0.0 0.0 0.0 0.0 1.0 
0.999786 0.020527 0.002629 0.0 -0.020527 0.967516 0.251974 2.622372 0.002629 -0.251974 0.967731 0.0 0.0 0.0 0.0 1.0 
1.0 -0.0 0.0 -0.0 0.0 1.0 0.0 2.991819 -0.0 0.0 1.0 -0.0 0.0 0.0 0.0 1.0 
1.0 0.0 0.0 0.0 0.0 1.0 -0.0 2.381437 -0.0 0.0 1.0 -0.0 0.0 0.0 0.0 1.0 
1.0 -0.0 -0.0 0.0 0.0 1.0 0.0 3.111704 -0.0 -0.0 1.0 -0.0 0.0 0.0 0.0 1.0 
1.0 0.0 0.0 0.0 0.0 1.0 0.0 3.128663 -0.0 0.0 1.0 -0.0 0.0 0.0 0.0 1.0 
1.0 0.0 0.0 0.0 0.0 1.0 0.0 2.220084 -0.0 0.0 1.0 -0.0 0.0 0.0 0.0 1.0 
1.0 -0.0 0.0 0.0 -0.0 1.0 0.0 2.991819 -0.0 0.0 1.0 -0.0 0.0 0.0 0.0 1.0 
1.0 0.0 0.0 0.0 0.0 1.0 -0.0 2.381437 -0.0 -0.0 1.0 0.0 0.0 0.0 0.0 1.0 
1.0 0.0 0.0 0.0 0.0 1.0 -0.0 3.111705 0.0 -0.0 1.0 0.0 0.0 0.0 0.0 1.0 
1.0 -0.0 -0.0 0.0 0.0 1.0 0.0 3.128663 0.0 0.0 1.0 0.0 0.0 0.0 0.0 1.0 
1.0 -0.0 -0.0 0.0 0.0 1.0 -0.0 2.220084 0.0 -0.0 1.0 0.0 0.0 0.0 0.0 1.0 
