1.0 
1.0 
1.0 
1.0 
1.0 
1.0 
1.0 
1.0 
1.0 
1.0 
1.0 
1.0 
1.0 
1.0 
1.0 
1.0 
1.0 
1.0 
1.0 
1.0 
1.0 
1.0 
1.0 
1.0 
1.0 
1.0 
1.0 
1.0 
1.0 
1.0 
1.0 
1.0 
1.0 
1.0 
1.0 
1.0 
1.0 
1.0 
1.0 
1.0 
1.0 
1.0 
1.0 
1.0 
0.9667 0.0333 
1.0 
1.0 
1.0 
1.0 
1.0 
1.0 
1.0 
1.0 
1.0 
1.0 
1.0 
1.0 
1.0 
1.0 
1.0 
1.0 
1.0 
1.0 
1.0 
1.0 
1.0 
1.0 
1.0 
1.0 
1.0 
1.0 
1.0 
1.0 
1.0 
1.0 
1.0 
1.0 
1.0 
1.0 
1.0 
1.0 
1.0 
1.0 
1.0 
1.0 
1.0 
1.0 
1.0 
1.0 
1.0 
1.0 
1.0 
1.0 
1.0 
1.0 
1.0 
1.0 
1.0 
0.0908 0.2648 0.6444 
0.0074 0.1592 0.8334 
0.0809 0.2542 0.6649 
0.0645 0.2362 0.6993 
0.034 0.2009 0.7651 
0.0179 0.1798 0.8023 
0.0092 0.1613 0.8295 
0.0864 0.2598 0.6538 
0.0535 0.2227 0.7238 
0.0722 0.2442 0.6836 
0.016 0.1741 0.8099 
0.029 0.1926 0.7784 
0.0063 0.1565 0.8372 
0.0082 0.1599 0.8319 
0.0928 0.2668 0.6404 
0.0931 0.2671 0.6398 
0.0833 0.2567 0.66 
0.0696 0.2419 0.6885 
0.0672 0.2388 0.694 
0.0841 0.2574 0.6585 
0.04 0.2081 0.7519 
0.0187 0.1804 0.8009 
0.0178 0.1787 0.8035 
0.0354 0.202 0.7626 
0.0578 0.2279 0.7143 
0.0745 0.2469 0.6786 
0.0181 0.177 0.8049 
0.033 0.1978 0.7692 
0.0606 0.2319 0.7075 
0.079 0.2522 0.6688 
0.0164 0.1779 0.8057 
0.0308 0.197 0.7722 
0.0826 0.256 0.6614 
0.0679 0.24 0.6921 
0.0672 0.239 0.6938 
0.0842 0.2576 0.6582 
0.0386 0.2065 0.7549 
0.0181 0.1796 0.8023 
0.0184 0.1796 0.802 
0.0359 0.2027 0.7614 
0.55 0.45 
0.55 0.45 
0.65 0.35 
0.75 0.25 
0.9 0.1 
1.0 
0.55 0.45 
0.55 0.45 
0.65 0.35 
0.75 0.25 
0.9 0.1 
1.0 
0.55 0.45 
0.55 0.45 
0.65 0.35 
0.75 0.25 
0.9 0.1 
1.0 
0.55 0.45 
0.55 0.45 
0.65 0.35 
0.75 0.25 
0.9 0.1 
1.0 
0.55 0.45 
0.55 0.45 
0.65 0.35 
0.75 0.25 
0.9 0.1 
1.0 
0.55 0.45 
0.55 0.45 
0.55 0.45 
0.55 0.45 
0.65 0.35 
0.65 0.35 
0.75 0.25 
0.75 0.25 
0.9 0.1 
0.9 0.1 
1.0 
1.0 
0.55 0.45 
0.55 0.45 
0.65 0.35 
0.75 0.25 
0.9 0.1 
1.0 
0.55 0.45 
0.55 0.45 
0.65 0.35 
0.75 0.25 
0.9 0.1 
1.0 
0.55 0.45 
0.55 0.45 
0.65 0.35 
0.75 0.25 
0.9 0.1 
1.0 
0.8664 0.1336 
0.6692 0.15 0.1808 
0.6935 0.1224 0.1841 
0.7659 0.2341 
1.0 
0.5964 0.3173 0.0863 
0.6173 0.2837 0.099 
0.6855 0.2403 0.0742 
0.7202 0.0634 0.2164 
1.0 
0.7085 0.1212 0.1703 
0.5322 0.0851 0.3827 
0.1334 0.746 0.1206 
0.2665 0.6097 0.1238 
0.0433 0.7631 0.1936 
0.2387 0.6269 0.1344 
0.0459 0.8602 0.0939 
0.0479 0.8738 0.0783 
0.0052 0.5441 0.4507 
0.0056 0.5601 0.4343 
0.2539 0.6742 0.0719 
0.2529 0.6744 0.0727 
0.014 0.736 0.25 
0.0167 0.744 0.2393 
0.6027 0.0227 0.3746 
0.3319 0.6428 0.0253 
1.0 
0.9988 0.0012 
0.6516 0.3136 0.0348 
0.6835 0.2894 0.0271 
0.159 0.6449 0.1961 
0.4001 0.4682 0.1317 
0.3458 0.4926 0.1616 
0.1518 0.651 0.1972 
0.6847 0.3153 
0.0474 0.9526 
0.0448 0.9541 0.0011 
0.9771 0.0229 
0.8833 0.1167 
0.6692 0.15 0.1808 
0.6609 0.1053 0.2338 
0.7659 0.2341 
1.0 
0.5964 0.3173 0.0863 
0.6173 0.2837 0.099 
0.6855 0.2403 0.0742 
0.7202 0.0634 0.2164 
1.0 
0.7085 0.1212 0.1703 
0.552 0.0967 0.3513 
0.0341 0.7476 0.2183 
0.2665 0.6097 0.1238 
0.0433 0.7631 0.1936 
0.2387 0.6269 0.1344 
0.0459 0.8602 0.0939 
0.0479 0.8738 0.0783 
0.0048 0.5448 0.4504 
0.0053 0.5583 0.4364 
0.2344 0.6885 0.0771 
0.2388 0.6871 0.0741 
0.014 0.736 0.25 
0.0167 0.744 0.2393 
0.6255 0.0399 0.3346 
0.2846 0.6718 0.0436 
1.0 
0.9988 0.0012 
0.6461 0.3147 0.0392 
0.6661 0.301 0.0329 
0.159 0.6449 0.1961 
0.4001 0.4682 0.1317 
0.3458 0.4926 0.1616 
0.1518 0.651 0.1972 
1.0 
1.0 
1.0 
1.0 
1.0 
1.0 
1.0 
1.0 
1.0 
1.0 
1.0 
1.0 
1.0 
1.0 
1.0 
1.0 
1.0 
1.0 
1.0 
1.0 
1.0 
1.0 
1.0 
1.0 
1.0 
1.0 
1.0 
1.0 
1.0 
1.0 
1.0 
1.0 
1.0 
1.0 
1.0 
1.0 
1.0 
1.0 
1.0 
1.0 
1.0 
1.0 
1.0 
1.0 
1.0 
1.0 
1.0 
1.0 
1.0 
1.0 
1.0 
1.0 
1.0 
1.0 
1.0 
1.0 
1.0 
1.0 
1.0 
1.0 
1.0 
1.0 
1.0 
1.0 
1.0 
1.0 
1.0 
1.0 
1.0 
1.0 
1.0 
1.0 
1.0 
1.0 
1.0 
1.0 
1.0 
1.0 
1.0 
1.0 
1.0 
1.0 
1.0 
1.0 
1.0 
1.0 
1.0 
1.0 
1.0 
1.0 
1.0 
1.0 
1.0 
1.0 
1.0 
1.0 
1.0 
1.0 
1.0 
1.0 
1.0 
1.0 
1.0 
1.0 
1.0 
1.0 
1.0 
1.0 
1.0 
1.0 
1.0 
1.0 
1.0 
1.0 
1.0 
1.0 
1.0 
1.0 
1.0 
1.0 
1.0 
1.0 
1.0 
1.0 
1.0 
1.0 
1.0 
1.0 
1.0 
1.0 
1.0 
1.0 
1.0 
1.0 
1.0 
1.0 
1.0 
1.0 
1.0 
1.0 
1.0 
1.0 
1.0 
1.0 
1.0 
1.0 
1.0 
1.0 
1.0 
1.0 
1.0 
1.0 
1.0 
1.0 
1.0 
1.0 
1.0 
1.0 
1.0 
1.0 
1.0 
1.0 
1.0 
1.0 
1.0 
1.0 
1.0 
1.0 
1.0 
1.0 
1.0 
1.0 
1.0 
1.0 
1.0 
1.0 
1.0 
1.0 
1.0 
1.0 
1.0 
1.0 
1.0 
1.0 
1.0 
1.0 
1.0 
1.0 
1.0 
1.0 
1.0 
0.65 0.175 0.175 
0.75 0.125 0.125 
1.0 
1.0 
0.9647 0.0164 0.0189 
0.9205 0.0329 0.0466 
0.75 0.125 0.125 
1.0 
0.8569 0.0737 0.0694 
0.75 0.25 
1.0 
0.8587 0.1413 
0.75 0.25 
0.7 0.3 
0.89 0.11 
0.95 0.05 
0.95 0.05 
1.0 
1.0 
1.0 
0.825 0.175 
1.0 
0.75 0.25 
0.75 0.25 
0.7 0.3 
0.75 0.25 
0.85 0.15 
0.9 0.1 
0.775 0.225 
1.0 
0.8435 0.1565 
1.0 
1.0 
0.775 0.225 
0.775 0.225 
0.825 0.175 
1.0 
0.75 0.25 
0.75 0.25 
0.7 0.3 
0.75 0.25 
0.85 0.15 
0.9 0.1 
0.775 0.225 
1.0 
0.8653 0.1347 
1.0 
1.0 
0.775 0.225 
0.775 0.225 
1.0 
1.0 
1.0 
1.0 
0.75 0.25 
0.95 0.05 
0.8847 0.1153 
0.95 0.05 
0.75 0.25 
0.7 0.3 
0.8128 0.1872 
1.0 
1.0 
1.0 
1.0 
0.7 0.3 
0.75 0.25 
0.75 0.25 
0.75 0.25 
0.9 0.1 
0.85 0.15 
0.775 0.225 
0.8 0.2 
1.0 
1.0 
0.775 0.225 
0.775 0.225 
0.825 0.175 
1.0 
1.0 
0.825 0.175 
0.775 0.225 
1.0 
0.75 0.25 
0.7 0.3 
0.75 0.25 
0.75 0.25 
0.85 0.15 
0.9 0.1 
0.775 0.225 
0.8653 0.1347 
1.0 
1.0 
0.775 0.225 
1.0 
1.0 
1.0 
1.0 
1.0 
1.0 
1.0 
1.0 
1.0 
1.0 
1.0 
1.0 
1.0 
1.0 
1.0 
1.0 
1.0 
1.0 
1.0 
1.0 
1.0 
1.0 
1.0 
1.0 
1.0 
1.0 
1.0 
1.0 
1.0 
1.0 
1.0 
1.0 
1.0 
1.0 
1.0 
1.0 
1.0 
1.0 
1.0 
1.0 
1.0 
1.0 
1.0 
1.0 
1.0 
1.0 
1.0 
1.0 
1.0 
1.0 
1.0 
1.0 
1.0 
1.0 
1.0 
1.0 
1.0 
1.0 
1.0 
1.0 
1.0 
1.0 
1.0 
1.0 
1.0 
1.0 
0.137 0.863 
0.5615 0.4385 
0.9718 0.0282 
0.971 0.029 
0.5469 0.4531 
0.137 0.863 
0.0423 0.9577 
0.4793 0.5207 
0.9159 0.0841 
0.9159 0.0841 
0.4793 0.5207 
0.0415 0.9585 
0.05 0.95 
0.5925 0.4075 
0.963 0.037 
0.963 0.037 
0.5925 0.4075 
0.05 0.95 
0.4555 0.5445 
0.7269 0.2731 
1.0 
1.0 
0.7269 0.2731 
0.4555 0.5445 
0.642 0.358 
0.8373 0.1627 
1.0 
1.0 
0.8373 0.1627 
0.642 0.358 
0.8647 0.1353 
1.0 
1.0 
1.0 
1.0 
0.8647 0.1353 
1.0 
1.0 
1.0 
1.0 
1.0 
1.0 
1.0 
1.0 
1.0 
1.0 
1.0 
1.0 
1.0 
1.0 
1.0 
1.0 
1.0 
1.0 
1.0 
1.0 
1.0 
1.0 
1.0 
1.0 
1.0 
1.0 
1.0 
1.0 
1.0 
1.0 
1.0 
1.0 
1.0 
1.0 
1.0 
1.0 
1.0 
1.0 
1.0 
1.0 
1.0 
1.0 
1.0 
1.0 
1.0 
1.0 
1.0 
1.0 
1.0 
1.0 
1.0 
1.0 
1.0 
1.0 
1.0 
1.0 
1.0 
1.0 
1.0 
1.0 
1.0 
1.0 
1.0 
1.0 
1.0 
1.0 
1.0 
1.0 
1.0 
1.0 
1.0 
1.0 
1.0 
1.0 
1.0 
1.0 
1.0 
1.0 
1.0 
1.0 
1.0 
1.0 
1.0 
1.0 
1.0 
1.0 
1.0 
1.0 
1.0 
1.0 
1.0 
1.0 
1.0 
1.0 
1.0 
1.0 
1.0 
1.0 
1.0 
1.0 
1.0 
1.0 
1.0 
1.0 
1.0 
1.0 
1.0 
1.0 
1.0 
1.0 
1.0 
1.0 
1.0 
1.0 
1.0 
1.0 
1.0 
1.0 
1.0 
1.0 
1.0 
1.0 
1.0 
1.0 
1.0 
1.0 
1.0 
1.0 
1.0 
1.0 
1.0 
1.0 
1.0 
1.0 
1.0 
1.0 
1.0 
1.0 
1.0 
1.0 
1.0 
1.0 
0.0046 0.3103 0.2848 0.4003 
0.0143 0.4116 0.4061 0.168 
0.017 0.4308 0.4197 0.1325 
0.0179 0.4369 0.4249 0.1203 
0.0154 0.4206 0.4131 0.1509 
0.0168 0.4344 0.4216 0.1272 
0.0217 0.4137 0.4276 0.137 
0.0241 0.4194 0.4358 0.1207 
0.0273 0.4033 0.4293 0.1401 
0.0302 0.4105 0.4343 0.125 
0.0339 0.4433 0.3981 0.1247 
0.0319 0.4148 0.415 0.1383 
0.0363 0.4275 0.4146 0.1216 
0.0442 0.4673 0.391 0.0975 
0.045 0.4747 0.3755 0.1048 
0.0512 0.4912 0.3685 0.0891 
0.0548 0.4665 0.3643 0.1144 
0.0649 0.4945 0.3522 0.0884 
0.054 0.4433 0.372 0.1307 
0.0616 0.4579 0.3735 0.107 
0.034 0.4264 0.3396 0.2 
0.0424 0.4419 0.3157 0.2 
0.3928 0.2572 0.35 
0.3964 0.2536 0.35 
0.302 0.223 0.475 
0.2981 0.2269 0.475 
0.2061 0.0688 0.7251 
0.2072 0.0748 0.718 
0.0184 0.401 0.4206 0.16 
0.0237 0.3873 0.4254 0.1636 
0.0198 0.4233 0.4098 0.1471 
0.0275 0.4014 0.4104 0.1607 
0.0241 0.4596 0.4004 0.1159 
0.0334 0.4571 0.3874 0.1221 
0.0303 0.4328 0.3939 0.143 
0.0194 0.4161 0.3645 0.2 
0.3695 0.2805 0.35 
0.2939 0.2311 0.475 
0.0198 0.4106 0.4267 0.1429 
0.023 0.4194 0.4344 0.1232 
0.0253 0.3965 0.4313 0.1469 
0.0291 0.4081 0.4354 0.1274 
0.0262 0.4342 0.409 0.1306 
0.0436 0.4643 0.3921 0.1 
0.0353 0.424 0.4162 0.1245 
0.0307 0.4091 0.4147 0.1455 
0.0305 0.4692 0.3952 0.1051 
0.0509 0.4907 0.3691 0.0893 
0.0433 0.4742 0.3788 0.1037 
0.0649 0.4944 0.3525 0.0882 
0.04 0.4461 0.3915 0.1224 
0.058 0.4557 0.3775 0.1088 
0.0253 0.4279 0.3468 0.2 
0.0388 0.4401 0.3211 0.2 
0.3713 0.2787 0.35 
0.4047 0.2453 0.35 
0.2975 0.2275 0.475 
0.308 0.217 0.475 
0.0044 0.3072 0.283 0.4054 
0.007 0.3146 0.3387 0.3397 
0.0072 0.3151 0.3395 0.3382 
0.0048 0.3142 0.3795 0.3015 
0.0048 0.314 0.3793 0.3019 
0.0037 0.3335 0.3739 0.2889 
0.3449 0.3773 0.2778 
0.3465 0.3782 0.2753 
0.0038 0.3329 0.3739 0.2894 
0.3486 0.3771 0.2743 
0.3496 0.3702 0.2802 
0.3488 0.3697 0.2815 
0.3494 0.3779 0.2727 
0.2629 0.1581 0.579 
0.3314 0.2686 0.4 
0.3332 0.2668 0.4 
0.3603 0.2397 0.4 
0.3488 0.2512 0.4 
0.3513 0.2487 0.4 
0.2629 0.1581 0.579 
0.3356 0.3236 0.3408 
0.3044 0.2297 0.4659 
0.3357 0.3281 0.3362 
0.3059 0.2318 0.4623 
0.0217 0.4137 0.4276 0.137 
0.0241 0.4194 0.4358 0.1207 
0.0273 0.4033 0.4293 0.1401 
0.0302 0.4105 0.4343 0.125 
0.0339 0.4433 0.3981 0.1247 
0.0319 0.4148 0.415 0.1383 
0.0363 0.4275 0.4146 0.1216 
0.0442 0.4673 0.391 0.0975 
0.045 0.4747 0.3755 0.1048 
0.0512 0.4912 0.3685 0.0891 
0.0548 0.4665 0.3643 0.1144 
0.0649 0.4945 0.3522 0.0884 
0.054 0.4433 0.372 0.1307 
0.0616 0.4579 0.3735 0.107 
0.034 0.4264 0.3396 0.2 
0.0424 0.4419 0.3157 0.2 
0.3928 0.2572 0.35 
0.3964 0.2536 0.35 
0.302 0.223 0.475 
0.2981 0.2269 0.475 
0.2061 0.0688 0.7251 
0.2072 0.0748 0.718 
0.0184 0.401 0.4206 0.16 
0.0237 0.3873 0.4254 0.1636 
0.0198 0.4233 0.4098 0.1471 
0.0275 0.4014 0.4104 0.1607 
0.0241 0.4596 0.4004 0.1159 
0.0334 0.4571 0.3874 0.1221 
0.0303 0.4328 0.3939 0.143 
0.0194 0.4161 0.3645 0.2 
0.3695 0.2805 0.35 
0.2939 0.2311 0.475 
0.0198 0.4106 0.4267 0.1429 
0.023 0.4194 0.4344 0.1232 
0.0253 0.3965 0.4313 0.1469 
0.0291 0.4081 0.4354 0.1274 
0.0262 0.4342 0.409 0.1306 
0.0436 0.4643 0.3921 0.1 
0.0353 0.424 0.4162 0.1245 
0.0307 0.4091 0.4147 0.1455 
0.0305 0.4692 0.3952 0.1051 
0.0509 0.4907 0.3691 0.0893 
0.0433 0.4742 0.3788 0.1037 
0.0649 0.4944 0.3525 0.0882 
0.04 0.4461 0.3915 0.1224 
0.058 0.4557 0.3775 0.1088 
0.0253 0.4279 0.3468 0.2 
0.0388 0.4401 0.3211 0.2 
0.3713 0.2787 0.35 
0.4047 0.2453 0.35 
0.2975 0.2275 0.475 
0.308 0.217 0.475 
0.007 0.3146 0.2887 0.3897 
0.0072 0.3151 0.2895 0.3882 
0.0048 0.3142 0.3044 0.3766 
0.0048 0.314 0.3044 0.3768 
0.0037 0.3335 0.3239 0.3389 
0.3449 0.3273 0.3278 
0.3465 0.3282 0.3253 
0.0038 0.3329 0.3239 0.3394 
0.3486 0.3271 0.3243 
0.3496 0.2952 0.3552 
0.3488 0.2947 0.3565 
0.3494 0.3279 0.3227 
0.2629 0.1581 0.579 
0.3314 0.2686 0.4 
0.3332 0.2668 0.4 
0.3603 0.2397 0.4 
0.3488 0.2512 0.4 
0.3513 0.2487 0.4 
0.2629 0.1581 0.579 
0.3356 0.2486 0.4158 
0.3044 0.2297 0.4659 
0.3357 0.2531 0.4112 
0.3059 0.2318 0.4623 
1.0 
1.0 
1.0 
1.0 
1.0 
1.0 
1.0 
1.0 
1.0 
1.0 
1.0 
1.0 
1.0 
1.0 
1.0 
1.0 
1.0 
1.0 
1.0 
1.0 
1.0 
1.0 
1.0 
1.0 
1.0 
1.0 
1.0 
1.0 
1.0 
1.0 
1.0 
1.0 
1.0 
1.0 
1.0 
1.0 
1.0 
1.0 
1.0 
1.0 
1.0 
1.0 
1.0 
0.0064 0.283 0.3992 0.3114 
0.0932 0.175 0.7318 
0.0849 0.9151 
1.0 
0.85 0.15 
0.5 0.5 
1.0 
1.0 
1.0 
0.0062 0.2806 0.3977 0.3155 
0.0098 0.3256 0.426 0.2386 
1.0 
0.5 0.5 
0.01 0.3279 0.4275 0.2346 
0.0057 0.2741 0.3936 0.3266 
0.2054 0.425 0.3696 
0.3314 0.4 0.2686 
0.3534 0.4 0.2466 
0.012 0.3366 0.3845 0.2669 
0.0125 0.3153 0.4078 0.2644 
0.175 0.825 
0.05 0.1168 0.8332 
0.125 0.2 0.675 
0.1 0.25 0.65 
0.1073 0.175 0.7177 
0.2919 0.7081 
0.0888 0.8403 0.0709 
0.0224 0.6008 0.3768 
0.05 0.6474 0.3026 
0.343 0.657 
0.0126 0.2897 0.4046 0.2931 
0.0973 0.175 0.7277 
0.0752 0.8243 0.1005 
0.1451 0.8549 
0.3074 0.6926 
0.05 0.782 0.168 
0.5011 0.4489 0.05 
0.5209 0.4291 0.05 
0.0446 0.6659 0.2895 
0.0604 0.6617 0.2779 
1.0 
0.7705 0.2263 0.0032 
0.6879 0.3121 
0.9135 0.0865 
0.75 0.15 0.1 
0.85 0.15 
0.3743 0.6257 
0.034 0.5204 0.4456 
0.3722 0.6278 
0.0034 0.085 0.4371 0.4745 
0.0535 0.5447 0.4018 
0.2393 0.35 0.4107 
0.115 0.375 0.51 
0.1984 0.25 0.5516 
0.149 0.25 0.601 
0.0155 0.7242 0.2603 
0.9966 0.0034 
0.0158 0.8971 0.0871 
0.4513 0.4487 0.1 
0.025 0.125 0.85 
0.0761 0.175 0.7489 
0.1077 0.25 0.6423 
0.0309 0.3131 0.656 
0.1 0.9 
0.1 0.9 
1.0 
1.0 
0.0499 0.9501 
0.1061 0.8939 
1.0 
1.0 
1.0 
1.0 
1.0 
1.0 
1.0 
0.0346 0.9654 
0.1993 0.8007 
0.2433 0.7567 
0.1403 0.8597 
0.0508 0.9061 0.0431 
0.4763 0.5237 
0.3706 0.6175 0.0105 0.0014 
0.55 0.45 
0.9 0.1 
0.05 0.225 0.725 
0.175 0.825 
0.1 0.275 0.625 
0.4435 0.5565 
0.216 0.634 0.15 
0.75 0.15 0.1 
0.85 0.15 
0.65 0.15 0.2 
0.35 0.525 0.125 
0.4472 0.5474 0.0054 
0.95 0.05 
0.6166 0.3834 
0.094 0.756 0.15 
0.0444 0.9556 
0.1294 0.7235 0.1471 
0.0035 0.1861 0.6845 0.1259 
0.0631 0.7869 0.15 
0.0398 0.8102 0.15 
1.0 
1.0 
1.0 
1.0 
0.5 0.5 
0.5 0.5 
0.5 0.5 
0.6 0.4 
1.0 
1.0 
1.0 
1.0 
0.175 0.825 
0.175 0.825 
1.0 
1.0 
0.1 0.9 
0.1 0.9 
1.0 
1.0 
1.0 
1.0 
1.0 
1.0 
1.0 
1.0 
1.0 
1.0 
1.0 
1.0 
0.1 0.9 
0.1 0.9 
0.85 0.15 
0.85 0.15 
0.05 0.225 0.725 
0.1 0.275 0.625 
0.1 0.275 0.625 
0.1 0.275 0.625 
0.6 0.4 
0.6 0.4 
1.0 
1.0 
1.0 
1.0 
1.0 
1.0 
1.0 
1.0 
0.0201 0.3163 0.4222 0.2414 
0.013 0.2866 0.405 0.2954 
0.0113 0.3337 0.3836 0.2714 
0.0141 0.3723 0.4024 0.2112 
0.0222 0.3496 0.4205 0.2077 
0.0117 0.3125 0.4067 0.2691 
0.352 0.4 0.248 
0.3842 0.4 0.2158 
0.3627 0.4 0.2373 
0.3311 0.4 0.2689 
0.2389 0.35 0.4111 
0.2656 0.35 0.3844 
0.1969 0.25 0.5531 
0.2227 0.25 0.5273 
0.1517 0.25 0.5983 
0.1674 0.25 0.5826 
0.1073 0.25 0.6427 
0.1399 0.25 0.6101 
0.5999 0.384 0.0161 
0.7006 0.2807 0.0187 
0.6938 0.3062 
0.52 0.4649 0.0151 
0.3638 0.6362 
0.1205 0.8714 0.0081 
0.4054 0.5946 
0.4891 0.5109 
0.2228 0.7772 
0.3021 0.6979 
0.1236 0.8641 0.0123 
0.1078 0.8894 0.0028 
0.5 0.5 
0.175 0.825 
0.175 0.825 
1.0 
0.05 0.95 
0.1 0.9 
1.0 
1.0 
1.0 
1.0 
1.0 
1.0 
1.0 
1.0 
1.0 
1.0 
1.0 
1.0 
1.0 
0.1 0.9 
0.1 0.9 
0.85 0.15 
0.85 0.15 
0.1 0.275 0.625 
0.1 0.275 0.625 
0.1 0.275 0.625 
0.1 0.275 0.625 
0.6 0.4 
0.6 0.4 
1.0 
1.0 
1.0 
1.0 
0.0123 0.2839 0.4031 0.3007 
0.0204 0.3174 0.4228 0.2394 
0.0109 0.3315 0.408 0.2496 
0.0117 0.3125 0.4066 0.2692 
0.0223 0.3499 0.4205 0.2073 
0.0136 0.3715 0.4021 0.2128 
0.3467 0.375 0.2783 
0.3832 0.4 0.2168 
0.3311 0.4 0.2689 
0.3615 0.4 0.2385 
0.2351 0.325 0.4399 
0.2655 0.35 0.3845 
0.1936 0.25 0.5564 
0.2231 0.25 0.5269 
0.1494 0.25 0.6006 
0.1658 0.25 0.5842 
0.1165 0.25 0.6335 
0.1384 0.25 0.6116 
0.4767 0.3983 0.125 
0.4767 0.3983 0.125 
0.4553 0.4447 0.1 
0.4553 0.4447 0.1 
0.3704 0.5296 0.1 
0.3704 0.5296 0.1 
0.3027 0.6469 0.0504 
0.2118 0.5882 0.2 
0.1332 0.6668 0.2 
0.2946 0.5304 0.175 
0.297 0.528 0.175 
0.397 0.453 0.15 
0.4473 0.4027 0.15 
0.0209 0.7291 0.25 
0.0379 0.7121 0.25 
0.0379 0.7121 0.25 
0.1332 0.6668 0.2 
0.1308 0.6192 0.25 
0.1324 0.6899 0.1777 
0.0638 0.6862 0.25 
0.0638 0.6862 0.25 
0.0235 0.7327 0.2438 
0.014 0.736 0.25 
0.0163 0.7395 0.2442 
0.5 0.5 
0.1008 0.8874 0.0118 
0.0169 0.7412 0.2419 
0.014 0.736 0.25 
0.0426 0.8074 0.15 
0.3832 0.6111 0.0057 
0.7 0.15 0.15 
0.5 0.5 
1.0 
1.0 
1.0 
1.0 
1.0 
1.0 
1.0 
1.0 
0.5 0.5 
0.5 0.5 
0.5 0.5 
1.0 
1.0 
1.0 
1.0 
1.0 
1.0 
1.0 
1.0 
1.0 
1.0 
1.0 
1.0 
1.0 
1.0 
1.0 
1.0 
1.0 
1.0 
1.0 
1.0 
1.0 
1.0 
1.0 
1.0 
1.0 
1.0 
1.0 
1.0 
1.0 
1.0 
1.0 
1.0 
1.0 
1.0 
1.0 
1.0 
1.0 
1.0 
1.0 
1.0 
1.0 
1.0 
1.0 
1.0 
1.0 
1.0 
1.0 
1.0 
1.0 
1.0 
1.0 
1.0 
1.0 
1.0 
1.0 
1.0 
1.0 
1.0 
1.0 
1.0 
1.0 
1.0 
1.0 
1.0 
1.0 
1.0 
1.0 
1.0 
1.0 
1.0 
1.0 
1.0 
1.0 
1.0 
1.0 
1.0 
1.0 
1.0 
1.0 
1.0 
1.0 
1.0 
1.0 
1.0 
1.0 
1.0 
1.0 
1.0 
1.0 
1.0 
1.0 
1.0 
1.0 
1.0 
1.0 
1.0 
1.0 
1.0 
1.0 
1.0 
1.0 
1.0 
1.0 
1.0 
1.0 
1.0 
1.0 
1.0 
1.0 
1.0 
1.0 
1.0 
1.0 
1.0 
1.0 
1.0 
1.0 
1.0 
1.0 
1.0 
1.0 
1.0 
1.0 
1.0 
1.0 
1.0 
1.0 
1.0 
1.0 
1.0 
1.0 
1.0 
1.0 
1.0 
1.0 
1.0 
1.0 
1.0 
1.0 
1.0 
1.0 
1.0 
1.0 
1.0 
1.0 
1.0 
1.0 
1.0 
1.0 
1.0 
1.0 
1.0 
1.0 
1.0 
1.0 
1.0 
1.0 
1.0 
1.0 
1.0 
1.0 
1.0 
1.0 
1.0 
1.0 
1.0 
1.0 
1.0 
1.0 
1.0 
1.0 
1.0 
1.0 
1.0 
1.0 
1.0 
1.0 
1.0 
1.0 
1.0 
1.0 
1.0 
1.0 
1.0 
1.0 
1.0 
1.0 
1.0 
1.0 
1.0 
1.0 
1.0 
1.0 
1.0 
1.0 
1.0 
1.0 
1.0 
1.0 
1.0 
1.0 
1.0 
1.0 
1.0 
1.0 
1.0 
1.0 
1.0 
1.0 
1.0 
1.0 
1.0 
1.0 
1.0 
1.0 
1.0 
1.0 
1.0 
1.0 
1.0 
1.0 
1.0 
1.0 
1.0 
1.0 
1.0 
1.0 
1.0 
1.0 
1.0 
1.0 
1.0 
1.0 
1.0 
1.0 
1.0 
1.0 
1.0 
1.0 
1.0 
1.0 
1.0 
1.0 
1.0 
1.0 
1.0 
1.0 
1.0 
1.0 
1.0 
1.0 
1.0 
1.0 
1.0 
1.0 
1.0 
1.0 
1.0 
1.0 
1.0 
1.0 
1.0 
1.0 
1.0 
1.0 
1.0 
1.0 
1.0 
1.0 
1.0 
1.0 
1.0 
1.0 
1.0 
1.0 
1.0 
1.0 
1.0 
1.0 
1.0 
1.0 
1.0 
1.0 
1.0 
1.0 
1.0 
1.0 
1.0 
1.0 
1.0 
1.0 
1.0 
1.0 
1.0 
1.0 
1.0 
1.0 
1.0 
1.0 
1.0 
1.0 
1.0 
1.0 
1.0 
1.0 
1.0 
1.0 
1.0 
1.0 
1.0 
1.0 
1.0 
1.0 
1.0 
1.0 
1.0 
1.0 
1.0 
1.0 
1.0 
1.0 
1.0 
1.0 
1.0 
1.0 
1.0 
1.0 
1.0 
1.0 
1.0 
1.0 
1.0 
1.0 
1.0 
1.0 
1.0 
1.0 
1.0 
1.0 
1.0 
1.0 
1.0 
1.0 
1.0 
1.0 
1.0 
1.0 
1.0 
1.0 
1.0 
1.0 
1.0 
1.0 
1.0 
1.0 
1.0 
1.0 
1.0 
1.0 
1.0 
1.0 
1.0 
1.0 
1.0 
1.0 
1.0 
1.0 
1.0 
1.0 
1.0 
1.0 
1.0 
1.0 
1.0 
1.0 
1.0 
1.0 
1.0 
1.0 
1.0 
1.0 
1.0 
1.0 
1.0 
1.0 
1.0 
1.0 
1.0 
1.0 
1.0 
1.0 
1.0 
1.0 
1.0 
1.0 
1.0 
1.0 
1.0 
1.0 
1.0 
1.0 
1.0 
1.0 
1.0 
1.0 
1.0 
1.0 
1.0 
1.0 
1.0 
1.0 
1.0 
1.0 
1.0 
1.0 
1.0 
1.0 
1.0 
1.0 
1.0 
1.0 
1.0 
1.0 
1.0 
1.0 
1.0 
1.0 
1.0 
1.0 
1.0 
1.0 
1.0 
1.0 
1.0 
1.0 
1.0 
1.0 
1.0 
1.0 
1.0 
1.0 
1.0 
1.0 
1.0 
1.0 
1.0 
1.0 
1.0 
1.0 
1.0 
1.0 
1.0 
1.0 
1.0 
1.0 
1.0 
1.0 
1.0 
1.0 
1.0 
1.0 
1.0 
1.0 
1.0 
1.0 
1.0 
1.0 
1.0 
1.0 
1.0 
1.0 
1.0 
1.0 
1.0 
1.0 
1.0 
1.0 
1.0 
1.0 
1.0 
1.0 
1.0 
1.0 
1.0 
1.0 
1.0 
1.0 
1.0 
1.0 
1.0 
1.0 
1.0 
1.0 
1.0 
1.0 
1.0 
1.0 
1.0 
1.0 
1.0 
1.0 
1.0 
1.0 
1.0 
1.0 
1.0 
1.0 
1.0 
1.0 
1.0 
1.0 
1.0 
1.0 
1.0 
1.0 
1.0 
1.0 
1.0 
1.0 
1.0 
1.0 
1.0 
1.0 
1.0 
1.0 
1.0 
1.0 
1.0 
1.0 
1.0 
1.0 
1.0 
1.0 
1.0 
1.0 
0.0881 0.277 0.6349 
0.1188 0.2381 0.6431 
0.1274 0.2954 0.5772 
0.0595 0.4551 0.4854 
0.0581 0.4317 0.5102 
0.0379 0.3908 0.5713 
0.0379 0.4436 0.5185 
0.0207 0.414 0.5653 
0.0137 0.4202 0.5661 
0.1511 0.3044 0.5445 
0.0659 0.3969 0.5372 
0.108 0.3513 0.5407 
0.002 0.079 0.919 
0.0055 0.0672 0.9273 
0.0847 0.9153 
0.101 0.899 
0.1039 0.8961 
0.0953 0.9047 
0.0084 0.0617 0.9299 
0.0217 0.067 0.9113 
0.0475 0.3796 0.5729 
0.0337 0.1149 0.8514 
0.1344 0.8656 
0.0339 0.0578 0.9083 
0.0166 0.0706 0.9128 
0.0151 0.1106 0.8743 
0.0399 0.2094 0.7507 
0.0811 0.2721 0.6468 
0.1161 0.2356 0.6483 
0.064 0.1558 0.7802 
0.1199 0.2809 0.5992 
0.0839 0.2117 0.7044 
0.2727 0.7273 
0.06 0.4559 0.4841 
0.0608 0.4254 0.5138 
0.2511 0.7489 
0.21 0.79 
0.033 0.3734 0.5936 
0.0363 0.4401 0.5236 
0.2688 0.7312 
0.0207 0.4043 0.575 
0.0114 0.4064 0.5822 
0.0066 0.1987 0.7947 
0.0145 0.176 0.8095 
0.1563 0.3119 0.5318 
0.0883 0.1656 0.7461 
0.272 0.728 
0.0694 0.3916 0.539 
0.1159 0.3404 0.5437 
0.0639 0.1969 0.7392 
0.0017 0.0684 0.9299 
0.0047 0.0568 0.9385 
0.0775 0.9225 
0.0961 0.9039 
0.1056 0.8944 
0.1005 0.8995 
0.0215 0.0661 0.9124 
0.0076 0.0563 0.9361 
0.024 0.1766 0.7994 
0.0467 0.3717 0.5816 
0.0398 0.1266 0.8336 
0.1448 0.8552 
0.0357 0.0608 0.9035 
0.0207 0.076 0.9033 
0.0176 0.1203 0.8621 
1.0 
1.0 
1.0 
1.0 
1.0 
1.0 
1.0 
1.0 
1.0 
1.0 
1.0 
1.0 
1.0 
1.0 
1.0 
1.0 
1.0 
1.0 
1.0 
1.0 
1.0 
1.0 
1.0 
1.0 
1.0 
1.0 
1.0 
1.0 
1.0 
1.0 
1.0 
1.0 
1.0 
1.0 
1.0 
1.0 
1.0 
1.0 
1.0 
1.0 
1.0 
1.0 
1.0 
1.0 
1.0 
1.0 
1.0 
1.0 
1.0 
1.0 
1.0 
1.0 
1.0 
1.0 
1.0 
1.0 
1.0 
1.0 
0.35 0.65 
0.35 0.65 
1.0 
1.0 
0.35 0.65 
0.3501 0.6499 
0.3501 0.6499 
1.0 
1.0 
1.0 
1.0 
1.0 
1.0 
1.0 
1.0 
1.0 
1.0 
1.0 
1.0 
1.0 
1.0 
1.0 
1.0 
1.0 
1.0 
1.0 
1.0 
1.0 
1.0 
1.0 
1.0 
1.0 
1.0 
1.0 
1.0 
1.0 
1.0 
1.0 
1.0 
1.0 
1.0 
1.0 
1.0 
1.0 
1.0 
1.0 
1.0 
1.0 
1.0 
1.0 
1.0 
1.0 
1.0 
1.0 
1.0 
1.0 
1.0 
1.0 
1.0 
1.0 
1.0 
1.0 
1.0 
1.0 
1.0 
1.0 
1.0 
1.0 
0.8403 0.1597 
0.8215 0.1785 
0.6855 0.3145 
1.0 
1.0 
1.0 
0.5 0.5 
0.753 0.247 
0.6726 0.3274 
0.5 0.5 
0.5 0.5 
0.7799 0.2201 
1.0 
1.0 
1.0 
1.0 
1.0 
1.0 
1.0 
0.5 0.5 
1.0 
1.0 
1.0 
1.0 
1.0 
1.0 
1.0 
1.0 
1.0 
1.0 
1.0 
1.0 
1.0 
1.0 
1.0 
1.0 
0.35 0.65 
1.0 
0.35 0.65 
0.35 0.65 
1.0 
1.0 
1.0 
1.0 
1.0 
1.0 
1.0 
1.0 
1.0 
1.0 
1.0 
1.0 
1.0 
1.0 
1.0 
1.0 
1.0 
1.0 
1.0 
1.0 
1.0 
1.0 
1.0 
1.0 
1.0 
1.0 
1.0 
1.0 
1.0 
1.0 
1.0 
1.0 
1.0 
1.0 
1.0 
1.0 
1.0 
1.0 
1.0 
1.0 
1.0 
1.0 
1.0 
1.0 
1.0 
1.0 
1.0 
1.0 
1.0 
1.0 
1.0 
1.0 
1.0 
1.0 
1.0 
1.0 
1.0 
0.7038 0.2962 
0.8439 0.1561 
0.8719 0.1281 
1.0 
1.0 
0.7621 0.2379 
0.5 0.5 
0.5 0.5 
0.5 0.5 
0.6226 0.3774 
1.0 
1.0 
1.0 
1.0 
1.0 
1.0 
1.0 
0.5 0.5 
1.0 
1.0 
1.0 
1.0 
1.0 
1.0 
0.581 0.419 
0.4903 0.5097 
0.5338 0.4662 
0.5685 0.4315 
0.3991 0.6009 
0.5991 0.4009 
0.5 0.5 
0.5 0.5 
0.7278 0.2722 
0.6884 0.3116 
0.5725 0.4275 
0.6098 0.3902 
0.5 0.5 
0.5 0.5 
1.0 
1.0 
1.0 
1.0 
1.0 
1.0 
1.0 
1.0 
1.0 
1.0 
1.0 
1.0 
1.0 
1.0 
1.0 
1.0 
1.0 
1.0 
1.0 
1.0 
1.0 
1.0 
1.0 
1.0 
1.0 
1.0 
1.0 
1.0 
1.0 
1.0 
1.0 
1.0 
1.0 
1.0 
1.0 
1.0 
1.0 
1.0 
1.0 
1.0 
1.0 
1.0 
1.0 
1.0 
1.0 
1.0 
1.0 
1.0 
1.0 
1.0 
1.0 
1.0 
0.8015 0.1985 
0.7624 0.2376 
0.2 0.8 
0.5728 0.4272 
0.2 0.8 
0.75 0.25 
0.7273 0.2727 
0.435 0.565 
0.2 0.8 
0.55 0.45 
0.55 0.45 
0.55 0.45 
0.75 0.25 
1.0 
0.55 0.45 
0.15 0.4 0.45 
1.0 
1.0 
1.0 
1.0 
0.9859 0.0141 
0.943 0.057 
1.0 
1.0 
0.2 0.8 
0.2 0.8 
0.2 0.8 
0.2 0.8 
1.0 
1.0 
0.2 0.8 
0.2 0.8 
0.4 0.6 
0.4 0.6 
0.4 0.6 
0.4 0.6 
0.4 0.6 
0.4 0.6 
0.4 0.6 
0.4 0.6 
0.4 0.6 
1.0 
1.0 
1.0 
1.0 
1.0 
1.0 
1.0 
1.0 
1.0 
1.0 
0.75 0.25 
1.0 
1.0 
0.75 0.25 
0.2 0.35 0.45 
0.55 0.45 
0.55 0.45 
0.55 0.45 
0.55 0.45 
0.15 0.4 0.45 
0.75 0.25 
1.0 
1.0 
1.0 
1.0 
1.0 
0.75 0.25 
0.2 0.35 0.45 
0.35 0.2 0.45 
0.75 0.25 
1.0 
1.0 
1.0 
1.0 
1.0 
1.0 
1.0 
0.15 0.4 0.45 
0.1 0.45 0.45 
0.75 0.25 
1.0 
1.0 
1.0 
1.0 
1.0 
1.0 
1.0 
1.0 
1.0 
1.0 
1.0 
1.0 
1.0 
0.5 0.5 
0.5 0.5 
0.5001 0.4999 
0.5 0.5 
0.5 0.5 
0.5001 0.4999 
0.5 0.5 
0.5 0.5 
0.5 0.5 
0.5 0.5 
0.5 0.5 
0.5 0.5 
0.1 0.9 
0.1 0.9 
0.1 0.9 
0.1 0.9 
0.1 0.9 
0.1 0.9 
1.0 
1.0 
1.0 
1.0 
1.0 
1.0 
1.0 
1.0 
1.0 
1.0 
1.0 
1.0 
0.5 0.5 
0.5 0.5 
0.5 0.5 
0.5 0.5 
0.5 0.5 
0.5 0.5 
0.5 0.5 
0.5 0.5 
0.5 0.5 
0.5 0.5 
0.5 0.5 
0.5 0.5 
0.1 0.9 
0.1 0.9 
0.1 0.9 
0.1 0.9 
0.1 0.9 
0.1 0.9 
0.1 0.9 
0.1 0.4501 0.4499 
1.0 
1.0 
1.0 
1.0 
1.0 
1.0 
1.0 
1.0 
1.0 
1.0 
1.0 
1.0 
0.5 0.5 
0.5 0.5 
0.5 0.5 
0.5 0.5 
0.5 0.5 
0.5 0.5 
0.5 0.5 
0.5 0.5 
0.5 0.5 
0.5 0.5 
0.5 0.5 
0.5 0.5 
0.1 0.9 
0.1 0.9 
0.1 0.9 
0.1 0.9 
0.1 0.9 
0.1 0.9 
0.1 0.45 0.45 
1.0 
1.0 
1.0 
1.0 
1.0 
1.0 
1.0 
1.0 
1.0 
1.0 
1.0 
1.0 
0.5 0.5 
0.5 0.5 
0.5 0.5 
0.5 0.5 
0.5 0.5 
0.5 0.5 
0.5 0.5 
0.5 0.5 
0.5 0.5 
0.5 0.5 
0.5 0.5 
0.5 0.5 
0.1 0.9 
0.1 0.9 
0.1 0.9 
0.1 0.9 
0.1 0.9 
0.1 0.9 
0.75 0.25 
0.1 0.45 0.45 
1.0 
0.1 0.4501 0.4499 
0.7499 0.2501 
0.7499 0.2501 
0.1 0.4501 0.4499 
0.7499 0.2501 
0.1 0.45 0.45 
0.7499 0.2501 
0.7499 0.2501 
0.1 0.9 
0.1 0.9 
0.0891 0.9109 
0.253 0.747 
1.0 
1.0 
1.0 
1.0 
0.5 0.5 
0.5 0.5 
0.65 0.35 
0.5 0.5 
1.0 
1.0 
1.0 
1.0 
1.0 
1.0 
1.0 
1.0 
1.0 
1.0 
1.0 
1.0 
1.0 
1.0 
1.0 
1.0 
0.1 0.9 
0.1 0.9 
0.1 0.9 
0.1 0.9 
0.1 0.9 
1.0 
1.0 
1.0 
0.1 0.9 
0.1 0.9 
0.1 0.9 
1.0 
1.0 
1.0 
1.0 
1.0 
1.0 
1.0 
1.0 
0.75 0.25 
1.0 
1.0 
1.0 
1.0 
1.0 
1.0 
1.0 
1.0 
0.5 0.5 
0.5 0.5 
0.5 0.5 
0.5 0.5 
0.5 0.5 
0.5 0.5 
0.5 0.5 
0.5 0.5 
0.5 0.5 
0.5 0.5 
0.5 0.5 
0.5 0.5 
0.5 0.5 
0.5 0.5 
0.5 0.5 
0.5 0.5 
0.5 0.5 
0.5 0.5 
0.5 0.5 
0.5 0.5 
0.5 0.5 
0.5 0.5 
0.5 0.5 
0.5 0.5 
0.1 0.9 
0.1 0.9 
0.1 0.9 
0.1 0.9 
0.1 0.9 
0.1 0.9 
0.1 0.9 
0.5 0.5 
0.5 0.5 
0.5 0.5 
0.5 0.5 
0.5 0.5 
0.5 0.5 
0.5 0.5 
0.5 0.5 
0.5 0.5 
0.5 0.5 
0.5 0.5 
0.5 0.5 
0.5 0.5 
0.5 0.5 
0.5 0.5 
0.5 0.5 
0.5 0.5 
0.5 0.5 
0.5 0.5 
0.5 0.5 
0.5 0.5 
0.5 0.5 
0.5 0.5 
0.5 0.5 
0.1 0.9 
0.1 0.9 
0.1 0.9 
0.1 0.9 
0.1 0.9 
0.1 0.9 
0.1 0.9 
0.1 0.9 
0.1 0.9 
0.1 0.9 
0.1 0.9 
0.1 0.9 
0.1 0.9 
0.1 0.9 
0.1 0.9 
0.1 0.9 
0.1 0.9 
0.1 0.9 
0.1 0.9 
0.1 0.9 
0.1 0.9 
0.1 0.9 
0.1 0.9 
0.1 0.9 
0.55 0.45 
0.05 0.5 0.45 
0.55 0.45 
0.55 0.45 
0.55 0.45 
0.55 0.45 
0.55 0.45 
0.05 0.5 0.45 
1.0 
1.0 
1.0 
1.0 
1.0 
1.0 
1.0 
1.0 
1.0 
1.0 
1.0 
1.0 
1.0 
1.0 
1.0 
1.0 
1.0 
1.0 
1.0 
1.0 
1.0 
1.0 
1.0 
1.0 
1.0 
1.0 
1.0 
1.0 
1.0 
1.0 
1.0 
1.0 
1.0 
1.0 
1.0 
1.0 
1.0 
1.0 
1.0 
1.0 
0.5 0.5 
0.5 0.5 
0.5 0.5 
0.5 0.5 
0.5 0.5 
0.5 0.5 
0.5 0.5 
0.5 0.5 
1.0 
0.75 0.25 
1.0 
0.75 0.25 
1.0 
0.75 0.125 0.125 
1.0 
0.75 0.25 
1.0 
0.75 0.125 0.125 
1.0 
0.75 0.25 
1.0 
0.75 0.125 0.125 
1.0 
0.75 0.25 
1.0 
0.75 0.25 
1.0 
1.0 
1.0 
1.0 
1.0 
1.0 
0.1 0.9 
1.0 
1.0 
1.0 
1.0 
1.0 
0.1 0.9 
0.5 0.5 
0.55 0.45 
1.0 
1.0 
0.0753 0.9247 
0.196 0.804 
0.5485 0.4515 
1.0 
1.0 
0.0752 0.9248 
0.1951 0.8049 
1.0 
1.0 
1.0 
1.0 
0.5352 0.4648 
1.0 
1.0 
0.1361 0.8639 
0.2937 0.0059 0.7004 
0.3155 0.0041 0.6804 
0.1426 0.8574 
1.0 
1.0 
1.0 
1.0 
0.2918 0.7082 
0.1298 0.8702 
0.1122 0.8878 
0.2596 0.7404 
1.0 
1.0 
1.0 
1.0 
1.0 
1.0 
1.0 
1.0 
1.0 
1.0 
1.0 
1.0 
1.0 
1.0 
1.0 
1.0 
1.0 
1.0 
1.0 
1.0 
1.0 
1.0 
1.0 
1.0 
1.0 
1.0 
1.0 
1.0 
0.0945 0.9055 
1.0 
1.0 
1.0 
1.0 
1.0 
1.0 
1.0 
1.0 
0.0947 0.9053 
1.0 
1.0 
1.0 
0.0184 0.9816 
1.0 
1.0 
1.0 
1.0 
1.0 
1.0 
0.0554 0.9446 
1.0 
1.0 
1.0 
1.0 
1.0 
1.0 
1.0 
1.0 
1.0 
1.0 
1.0 
1.0 
1.0 
1.0 
1.0 
1.0 
1.0 
1.0 
1.0 
1.0 
1.0 
1.0 
1.0 
1.0 
1.0 
1.0 
1.0 
1.0 
1.0 
1.0 
1.0 
1.0 
1.0 
1.0 
1.0 
1.0 
1.0 
1.0 
1.0 
1.0 
1.0 
1.0 
1.0 
1.0 
1.0 
1.0 
1.0 
1.0 
1.0 
1.0 
1.0 
1.0 
1.0 
1.0 
1.0 
1.0 
1.0 
1.0 
1.0 
1.0 
1.0 
1.0 
1.0 
1.0 
1.0 
1.0 
1.0 
1.0 
1.0 
0.9794 0.0206 
0.9798 0.0202 
1.0 
1.0 
1.0 
1.0 
0.012 0.1838 0.8042 
0.0125 0.1801 0.8074 
0.0207 0.1847 0.7946 
0.0409 0.2025 0.7566 
0.0618 0.2212 0.717 
0.0685 0.2255 0.706 
0.0511 0.2012 0.7477 
0.0283 0.1636 0.8081 
0.0139 0.1273 0.8588 
0.0044 0.0856 0.91 
0.0503 0.9497 
0.0277 0.9723 
0.0185 0.9815 
0.0251 0.9749 
0.048 0.952 
0.0485 0.9515 
0.0457 0.9543 
0.0434 0.9566 
0.0555 0.9445 
0.0481 0.9519 
0.0351 0.9649 
0.0334 0.9666 
0.0447 0.9553 
0.0407 0.9593 
0.0779 0.9221 
0.0629 0.9371 
0.0383 0.9617 
0.0382 0.9618 
0.0411 0.9589 
0.0336 0.9664 
0.0469 0.9531 
0.0544 0.9456 
0.0774 0.9226 
0.0701 0.9299 
0.0356 0.9644 
0.0403 0.9597 
0.1335 0.8665 
0.1135 0.8865 
0.1661 0.8339 
0.1675 0.8325 
0.1628 0.8372 
0.0027 0.1617 0.8356 
0.0056 0.1682 0.8262 
0.0087 0.177 0.8143 
0.012 0.1867 0.8013 
0.014 0.1926 0.7934 
0.0153 0.1961 0.7886 
0.0161 0.1982 0.7857 
0.016 0.1977 0.7863 
0.015 0.1947 0.7903 
0.0139 0.1911 0.795 
0.0463 0.9537 
0.0481 0.9519 
0.0618 0.9382 
0.0939 0.9061 
0.0105 0.1807 0.8088 
0.0105 0.1804 0.8091 
0.0119 0.185 0.8031 
0.0131 0.1879 0.799 
0.0131 0.1835 0.8034 
0.0153 0.1929 0.7918 
0.0206 0.1941 0.7853 
0.0285 0.2053 0.7662 
0.0187 0.1998 0.7815 
0.0334 0.2095 0.7571 
0.0188 0.1996 0.7816 
0.0313 0.1968 0.7719 
0.0168 0.1924 0.7908 
0.014 0.1625 0.8235 
0.0115 0.1767 0.8118 
0.0054 0.1337 0.8609 
0.0061 0.1573 0.8366 
0.0025 0.1422 0.8553 
0.0016 0.109 0.8894 
0.009 0.1747 0.8163 
0.0099 0.1745 0.8156 
0.0132 0.1781 0.8087 
0.0154 0.1789 0.8057 
0.0281 0.1943 0.7776 
0.0309 0.1938 0.7753 
0.0488 0.2145 0.7367 
0.0577 0.2178 0.7245 
0.0659 0.2301 0.704 
0.0767 0.2353 0.688 
0.0565 0.2151 0.7284 
0.0621 0.218 0.7199 
0.0237 0.1636 0.8127 
0.0283 0.1651 0.8066 
0.0077 0.1199 0.8724 
0.0087 0.1135 0.8778 
0.0017 0.0802 0.9181 
0.0022 0.0732 0.9246 
0.0013 0.1317 0.867 
0.0867 0.9133 
0.051 0.949 
0.0431 0.9569 
0.0299 0.9701 
0.0238 0.9762 
0.1172 0.8828 
0.0586 0.9414 
0.124 0.876 
0.0634 0.9366 
0.0593 0.9407 
0.1249 0.8751 
0.0275 0.9725 
0.035 0.965 
0.0254 0.9746 
0.0184 0.9816 
0.0534 0.9466 
0.0531 0.9469 
0.0503 0.9497 
0.0491 0.9509 
0.0709 0.9291 
0.0439 0.9561 
0.0483 0.9517 
0.0555 0.9445 
0.0458 0.9542 
0.0376 0.9624 
0.1069 0.8931 
0.0644 0.9356 
0.0443 0.9557 
0.0848 0.9152 
0.0459 0.9541 
0.141 0.859 
0.1649 0.8351 
0.1625 0.8375 
0.16 0.84 
0.0015 0.1563 0.8422 
0.0035 0.1599 0.8366 
0.0066 0.1691 0.8243 
0.0109 0.1821 0.807 
0.0141 0.1915 0.7944 
0.0154 0.1951 0.7895 
0.0159 0.1963 0.7878 
0.015 0.1938 0.7912 
0.0134 0.1893 0.7973 
0.0121 0.1858 0.8021 
0.0525 0.9475 
0.0501 0.9499 
0.038 0.962 
0.0278 0.9722 
0.021 0.979 
0.0251 0.9749 
0.0444 0.9556 
0.0027 0.0802 0.9171 
0.0114 0.1262 0.8624 
0.0326 0.175 0.7924 
0.0652 0.2229 0.7119 
0.0771 0.2366 0.6863 
0.0619 0.2228 0.7153 
0.0364 0.2001 0.7635 
0.0151 0.1792 0.8057 
0.0087 0.1734 0.8179 
0.01 0.1783 0.8117 
0.015 0.1838 0.8012 
0.0294 0.2004 0.7702 
0.0453 0.2157 0.739 
0.0589 0.2259 0.7152 
0.0542 0.2159 0.7299 
0.0267 0.1754 0.7979 
0.0096 0.1366 0.8538 
0.0021 0.0957 0.9022 
0.0584 0.9416 
0.0375 0.9625 
0.0393 0.9607 
0.043 0.957 
0.0507 0.9493 
0.0538 0.9462 
0.0518 0.9482 
0.0448 0.9552 
0.0636 0.9364 
0.0844 0.9156 
0.0898 0.9102 
0.0898 0.9102 
0.0804 0.9196 
0.1003 0.8997 
0.0022 0.127 0.8708 
0.0065 0.1495 0.844 
0.0132 0.1707 0.8161 
0.0226 0.1938 0.7836 
0.0252 0.2042 0.7706 
0.0233 0.2037 0.773 
0.02 0.1985 0.7815 
0.0138 0.1878 0.7984 
0.0115 0.1836 0.8049 
0.0121 0.1856 0.8023 
0.0135 0.1896 0.7969 
0.016 0.1962 0.7878 
0.017 0.1983 0.7847 
0.0163 0.1965 0.7872 
0.0148 0.1916 0.7936 
0.012 0.183 0.805 
0.0079 0.1707 0.8214 
0.0038 0.1559 0.8403 
0.0015 0.1478 0.8507 
0.1475 0.8525 
0.1498 0.8502 
0.1491 0.8509 
0.1331 0.8669 
0.08 0.92 
0.0449 0.9551 
0.0578 0.2451 0.6971 
0.1972 0.8028 
0.1756 0.8244 
0.0323 0.1927 0.775 
0.2125 0.7875 
0.168 0.832 
0.1495 0.8505 
0.1183 0.8817 
0.1134 0.8866 
0.1349 0.8651 
0.0086 0.2303 0.7611 
0.1541 0.8459 
0.1239 0.8761 
0.007 0.1868 0.8062 
0.2377 0.7623 
0.1902 0.8098 
0.1603 0.8397 
0.2071 0.7929 
0.0654 0.3234 0.6112 
0.0313 0.3116 0.6571 
0.0148 0.256 0.7292 
0.0233 0.2713 0.7054 
0.0765 0.9235 
0.0124 0.2843 0.7033 
0.1711 0.8289 
0.2475 0.3547 0.3978 
0.088 0.351 0.561 
0.2076 0.2751 0.5173 
0.167 0.25 0.583 
0.156 0.844 
0.1529 0.8471 
0.1366 0.8634 
0.114 0.886 
0.1228 0.8772 
0.008 0.2325 0.7595 
0.0066 0.1824 0.811 
0.1255 0.8745 
0.156 0.844 
0.2103 0.7897 
0.168 0.832 
0.0767 0.9233 
0.0111 0.2906 0.6983 
0.1718 0.8282 
0.1831 0.3679 0.449 
0.1041 0.3616 0.5343 
0.2083 0.2741 0.5176 
0.1527 0.2435 0.6038 
0.1487 0.8513 
0.162 0.838 
0.0109 0.2659 0.7232 
0.1604 0.8396 
0.0509 0.2047 0.7444 
0.0777 0.2543 0.668 
0.0791 0.338 0.5829 
0.0385 0.3183 0.6432 
0.0127 0.2559 0.7314 
0.1531 0.8469 
0.1252 0.8748 
0.0024 0.1698 0.8278 
0.2069 0.7931 
0.2418 0.7582 
0.0052 0.2228 0.772 
0.0028 0.1697 0.8275 
0.1198 0.8802 
0.1407 0.8593 
0.0093 0.2094 0.7813 
0.1749 0.8251 
0.1959 0.8041 
0.036 0.2875 0.6765 
0.0213 0.2841 0.6946 
0.0095 0.2049 0.7856 
0.1313 0.8687 
0.1205 0.8795 
0.1444 0.8556 
0.2183 0.7817 
0.224 0.776 
0.178 0.822 
0.1433 0.8567 
0.117 0.883 
1.0 
1.0 
1.0 
1.0 
1.0 
1.0 
1.0 
1.0 
1.0 
1.0 
0.1518 0.8482 
0.1518 0.8482 
0.1028 0.8972 
0.132 0.868 
1.0 
1.0 
0.0123 0.9877 
1.0 
0.0154 0.9846 
1.0 
1.0 
1.0 
1.0 
1.0 
1.0 
0.0047 0.9953 
0.0158 0.9842 
1.0 
1.0 
1.0 
1.0 
1.0 
1.0 
1.0 
1.0 
1.0 
1.0 
1.0 
1.0 
1.0 
1.0 
1.0 
1.0 
1.0 
1.0 
1.0 
1.0 
1.0 
1.0 
1.0 
1.0 
1.0 
1.0 
1.0 
1.0 
1.0 
1.0 
1.0 
1.0 
1.0 
1.0 
1.0 
1.0 
1.0 
1.0 
1.0 
0.0413 0.9587 
0.0595 0.9405 
0.0552 0.9448 
0.0534 0.9466 
0.1065 0.8935 
0.1173 0.8827 
0.0824 0.9176 
0.092 0.908 
0.048 0.952 
0.0062 0.9938 
0.0387 0.9613 
1.0 
0.0048 0.9952 
1.0 
0.0169 0.9831 
1.0 
1.0 
0.0413 0.9587 
0.0617 0.9383 
1.0 
1.0 
1.0 
1.0 
0.0196 0.9804 
0.0036 0.9964 
1.0 
1.0 
1.0 
1.0 
1.0 
1.0 
1.0 
1.0 
1.0 
1.0 
1.0 
1.0 
1.0 
1.0 
1.0 
1.0 
1.0 
1.0 
1.0 
1.0 
1.0 
1.0 
1.0 
1.0 
1.0 
1.0 
1.0 
1.0 
1.0 
1.0 
1.0 
1.0 
1.0 
0.1 0.9 
0.1067 0.8933 
0.0737 0.9263 
0.1118 0.8882 
0.1447 0.8553 
0.1364 0.8636 
0.0906 0.9094 
0.138 0.862 
1.0 
0.004 0.996 
1.0 
0.25 0.75 
0.5304 0.4696 
0.5933 0.4067 
1.0 
1.0 
0.75 0.25 
1.0 
1.0 
1.0 
0.0097 0.9903 
0.0069 0.9931 
0.0025 0.9975 
0.25 0.75 
0.2 0.8 
0.25 0.75 
0.25 0.75 
0.25 0.75 
1.0 
1.0 
0.75 0.25 
0.0097 0.9903 
0.0069 0.9931 
0.0025 0.9975 
1.0 
0.2 0.8 
0.2 0.8 
0.25 0.75 
0.25 0.75 
0.0318 0.9682 
0.0387 0.9613 
1.0 
1.0 
1.0 
0.0267 0.9733 
0.0094 0.9906 
1.0 
0.0389 0.9611 
0.25 0.75 
0.2 0.8 
1.0 
0.0156 0.9844 
0.0032 0.9968 
0.0301 0.9699 
1.0 
1.0 
0.2 0.8 
0.25 0.75 
0.2 0.8 
0.25 0.75 
1.0 
0.25 0.75 
0.25 0.75 
1.0 
0.85 0.15 
0.85 0.15 
0.75 0.25 
0.75 0.25 
0.75 0.25 
0.85 0.15 
1.0 
1.0 
1.0 
1.0 
1.0 
1.0 
1.0 
1.0 
0.0139 0.9861 
0.0404 0.9596 
0.0678 0.9322 
0.0434 0.9566 
0.0146 0.9854 
0.0762 0.9238 
0.3 0.7 
0.25 0.75 
0.0972 0.9028 
0.0972 0.9028 
0.2 0.8 
0.0972 0.9028 
0.0972 0.9028 
0.0972 0.9028 
0.0972 0.9028 
0.0972 0.9028 
0.0972 0.9028 
0.0972 0.9028 
0.0972 0.9028 
0.0972 0.9028 
0.3 0.7 
0.25 0.75 
0.0972 0.9028 
0.0972 0.9028 
0.0972 0.9028 
0.0972 0.9028 
0.2 0.8 
0.0972 0.9028 
0.0972 0.9028 
0.0972 0.9028 
0.0972 0.9028 
0.0972 0.9028 
0.0972 0.9028 
0.0972 0.9028 
0.0972 0.9028 
0.25 0.75 
1.0 
0.25 0.75 
1.0 
0.35 0.65 
1.0 
1.0 
1.0 
1.0 
0.5 0.5 
1.0 
1.0 
0.35 0.65 
1.0 
1.0 
1.0 
0.5 0.5 
1.0 
1.0 
0.5 0.5 
1.0 
0.5 0.5 
0.5 0.5 
1.0 
1.0 
0.5 0.5 
1.0 
0.05 0.95 
0.05 0.95 
0.05 0.95 
0.05 0.95 
0.05 0.95 
0.0691 0.9059 0.025 
1.0 
1.0 
0.0621 0.9129 0.025 
0.2087 0.7663 0.025 
1.0 
1.0 
1.0 
1.0 
1.0 
1.0 
0.75 0.25 
0.75 0.25 
0.75 0.25 
1.0 
1.0 
0.5 0.5 
0.05 0.95 
1.0 
1.0 
1.0 
0.05 0.95 
0.5 0.5 
1.0 
1.0 
0.05 0.95 
0.5 0.5 
0.0948 0.8802 0.025 
0.05 0.95 
0.5 0.5 
0.1446 0.8304 0.025 
1.0 
1.0 
1.0 
1.0 
1.0 
1.0 
0.0972 0.9028 
0.0972 0.9028 
0.0972 0.9028 
0.0972 0.9028 
0.0972 0.9028 
0.0972 0.9028 
0.0972 0.9028 
0.0972 0.9028 
0.0972 0.9028 
0.0972 0.9028 
0.0972 0.9028 
0.0972 0.9028 
0.0972 0.9028 
0.0972 0.9028 
0.0972 0.9028 
0.0972 0.9028 
0.0972 0.9028 
0.0972 0.9028 
0.0972 0.9028 
0.0972 0.9028 
0.0972 0.9028 
0.0972 0.9028 
0.0972 0.9028 
0.0972 0.9028 
0.0972 0.9028 
0.0972 0.9028 
0.0972 0.9028 
0.0972 0.9028 
0.0972 0.9028 
0.0972 0.9028 
0.0972 0.9028 
0.0972 0.9028 
0.0176 0.9824 
0.0145 0.9855 
0.0102 0.9898 
0.0119 0.9881 
0.0106 0.9894 
0.0105 0.9895 
0.0113 0.9887 
1.0 
1.0 
0.0102 0.9898 
0.0159 0.9841 
1.0 
1.0 
0.0332 0.9668 
0.0256 0.9744 
1.0 
0.0178 0.9822 
0.0199 0.9801 
0.0223 0.9777 
1.0 
1.0 
1.0 
1.0 
1.0 
0.1599 0.8401 
0.1551 0.8449 
1.0 
1.0 
1.0 
1.0 
1.0 
1.0 
1.0 
1.0 
1.0 
0.1075 0.8925 
0.1925 0.8075 
0.1692 0.8308 
0.8259 0.1741 
0.4867 0.5133 
0.2061 0.7939 
0.5385 0.4615 
0.8554 0.1446 
0.2294 0.7706 
0.2811 0.7189 
0.5972 0.4028 
0.8517 0.1483 
0.9197 0.0803 
0.417 0.583 
0.4473 0.5527 
0.7535 0.2465 
0.8477 0.1523 
0.8053 0.1947 
0.4401 0.5599 
0.3898 0.6102 
0.6156 0.3844 
0.6499 0.3501 
0.3505 0.6495 
0.2047 0.7953 
0.5592 0.4408 
0.5157 0.4843 
0.2025 0.7975 
0.7974 0.2026 
0.8469 0.1531 
0.7043 0.2957 
0.8432 0.1568 
1.0 
1.0 
1.0 
1.0 
1.0 
1.0 
1.0 
1.0 
1.0 
1.0 
1.0 
1.0 
1.0 
1.0 
1.0 
1.0 
1.0 
1.0 
1.0 
1.0 
1.0 
1.0 
1.0 
1.0 
1.0 
1.0 
0.1512 0.8488 
1.0 
1.0 
0.1611 0.8389 
1.0 
0.1058 0.8942 
1.0 
1.0 
1.0 
1.0 
1.0 
1.0 
1.0 
1.0 
1.0 
1.0 
1.0 
1.0 
1.0 
1.0 
1.0 
1.0 
1.0 
1.0 
1.0 
1.0 
1.0 
1.0 
1.0 
1.0 
1.0 
1.0 
1.0 
1.0 
1.0 
1.0 
1.0 
1.0 
0.6 0.4 
0.6 0.4 
0.6 0.4 
0.6 0.4 
0.475 0.3902 0.1348 
0.4223 0.4457 0.132 
0.4012 0.4755 0.1233 
0.0406 0.4396 0.4194 0.1004 
0.0851 0.9149 
0.1963 0.8037 
0.1237 0.25 0.6263 
1.0 
1.0 
1.0 
1.0 
1.0 
1.0 
1.0 
1.0 
1.0 
1.0 
0.1576 0.2113 0.6311 
0.0337 0.4235 0.4552 0.0876 
0.1325 0.15 0.7175 
1.0 
1.0 
1.0 
1.0 
0.3269 0.3669 0.3062 
0.4147 0.4591 0.1262 
0.4281 0.4289 0.143 
0.4401 0.4311 0.1288 
0.9 0.1 
0.9 0.1 
0.9 0.1 
0.9 0.1 
0.344 0.3672 0.2888 
0.3259 0.3534 0.3207 
0.4124 0.4104 0.1772 
0.3393 0.3732 0.2875 
0.3316 0.3701 0.2983 
0.2964 0.2666 0.437 
0.2818 0.1734 0.5448 
0.9 0.1 
0.675 0.275 0.05 
0.6 0.2998 0.1002 
0.2939 0.2061 0.5 
1.0 
1.0 
1.0 
1.0 
1.0 
1.0 
0.75 0.25 
0.95 0.05 
0.75 0.25 
0.75 0.25 
1.0 
0.4854 0.3691 0.1455 
0.5018 0.3504 0.1478 
0.175 0.4989 0.2761 0.05 
0.175 0.4669 0.3081 0.05 
0.4504 0.434 0.1156 
0.3655 0.3974 0.2371 
0.2994 0.1506 0.55 
1.0 
0.1031 0.8969 
0.1898 0.8102 
1.0 
1.0 
1.0 
1.0 
1.0 
1.0 
1.0 
1.0 
1.0 
1.0 
1.0 
1.0 
1.0 
1.0 
1.0 
1.0 
1.0 
1.0 
1.0 
1.0 
0.8 0.2 
1.0 
0.925 0.075 
0.225 0.4993 0.2257 0.05 
0.9 0.1 
1.0 
1.0 
0.75 0.25 
1.0 
0.85 0.15 
0.75 0.25 
1.0 
0.6 0.4 
0.6 0.4 
0.6 0.4 
1.0 
0.8 0.2 
0.1191 0.15 0.7309 
0.2513 0.1475 0.6012 
0.0167 0.4632 0.4314 0.0887 
0.425 0.424 0.151 
0.9 0.1 
1.0 
1.0 
1.0 
1.0 
1.0 
1.0 
1.0 
1.0 
0.6 0.4 
1.0 
0.6 0.4 
0.9 0.1 
1.0 
1.0 
1.0 
1.0 
1.0 
1.0 
1.0 
0.1432 0.8568 
0.2966 0.3421 0.3613 
0.4608 0.3911 0.1481 
0.225 0.5186 0.2064 0.05 
0.6986 0.2514 0.05 
0.925 0.075 
1.0 
0.2812 0.1438 0.575 
0.35 0.6 0.05 
0.35 0.6 0.05 
0.35 0.6 0.05 
0.35 0.6 0.05 
0.35 0.6 0.05 
0.35 0.6 0.05 
0.35 0.6 0.05 
0.35 0.6 0.05 
0.35 0.6 0.05 
0.35 0.6 0.05 
0.6 0.4 
0.6 0.4 
0.6 0.4 
0.6 0.4 
0.475 0.3902 0.1348 
0.4223 0.4457 0.132 
0.4012 0.4755 0.1233 
0.0406 0.4396 0.4194 0.1004 
0.0851 0.9149 
0.1963 0.8037 
0.1237 0.25 0.6263 
1.0 
1.0 
1.0 
1.0 
1.0 
1.0 
1.0 
1.0 
0.9 0.1 
0.95 0.05 
0.1576 0.2113 0.6311 
0.0337 0.4235 0.4552 0.0876 
0.1325 0.15 0.7175 
1.0 
1.0 
1.0 
1.0 
0.3269 0.3669 0.3062 
0.4147 0.4591 0.1262 
0.4281 0.4289 0.143 
0.4401 0.4311 0.1288 
0.9 0.1 
0.9 0.1 
0.9 0.1 
0.9 0.1 
0.344 0.3672 0.2888 
0.3259 0.3534 0.3207 
0.4124 0.4104 0.1772 
0.3393 0.3732 0.2875 
0.3316 0.3701 0.2983 
0.2964 0.2666 0.437 
0.2818 0.1734 0.5448 
0.9 0.1 
0.675 0.275 0.05 
0.6 0.2998 0.1002 
0.2939 0.2061 0.5 
1.0 
1.0 
1.0 
1.0 
1.0 
1.0 
0.75 0.25 
0.95 0.05 
0.75 0.25 
0.75 0.25 
1.0 
0.4854 0.3691 0.1455 
0.5018 0.3504 0.1478 
0.175 0.4989 0.2761 0.05 
0.175 0.4669 0.3081 0.05 
0.4504 0.434 0.1156 
0.3655 0.3974 0.2371 
0.2994 0.1506 0.55 
1.0 
0.1031 0.8969 
0.1898 0.8102 
1.0 
1.0 
1.0 
1.0 
1.0 
1.0 
1.0 
1.0 
1.0 
1.0 
1.0 
1.0 
1.0 
1.0 
1.0 
1.0 
1.0 
1.0 
1.0 
1.0 
0.8 0.2 
1.0 
0.925 0.075 
0.225 0.4993 0.2257 0.05 
0.9 0.1 
1.0 
1.0 
0.75 0.25 
1.0 
0.85 0.15 
0.75 0.25 
1.0 
0.6 0.4 
0.6 0.4 
0.6 0.4 
1.0 
0.8 0.2 
1.0 
1.0 
1.0 
1.0 
1.0 
1.0 
1.0 
0.2812 0.1438 0.575 
0.35 0.6 0.05 
0.35 0.6 0.05 
0.35 0.6 0.05 
0.35 0.6 0.05 
0.35 0.6 0.05 
0.35 0.6 0.05 
0.35 0.6 0.05 
0.35 0.6 0.05 
0.147 0.5258 0.2772 0.05 
0.1469 0.5288 0.2743 0.05 
0.1743 0.4906 0.2851 0.05 
0.1973 0.4727 0.28 0.05 
0.1507 0.5122 0.2871 0.05 
0.1973 0.4727 0.28 0.05 
0.1743 0.4906 0.2851 0.05 
0.1469 0.5288 0.2743 0.05 
0.147 0.5258 0.2772 0.05 
1.0 
1.0 
1.0 
1.0 
1.0 
1.0 
0.925 0.075 
0.925 0.075 
0.55 0.45 
0.55 0.45 
0.55 0.45 
0.925 0.075 
0.925 0.075 
0.925 0.075 
0.55 0.45 
0.75 0.25 
0.75 0.25 
0.75 0.25 
0.55 0.45 
0.55 0.45 
0.925 0.075 
0.925 0.075 
1.0 
1.0 
1.0 
1.0 
1.0 
1.0 
1.0 
1.0 
1.0 
1.0 
1.0 
0.925 0.075 
0.925 0.075 
0.925 0.075 
0.925 0.075 
1.0 
0.15 0.85 
0.15 0.85 
1.0 
1.0 
0.15 0.85 
1.0 
0.15 0.85 
1.0 
0.15 0.85 
0.1 0.9 
0.15 0.85 
1.0 
0.1 0.9 
0.15 0.85 
0.15 0.85 
1.0 
1.0 
0.15 0.85 
1.0 
1.0 
0.55 0.45 
0.15 0.85 
0.55 0.45 
0.15 0.85 
0.55 0.45 
0.55 0.45 
0.55 0.45 
1.0 
0.15 0.85 
0.55 0.45 
0.4063 0.5937 
0.2516 0.6484 0.1 
0.3118 0.5882 0.1 
0.4417 0.5583 
0.2832 0.4668 0.25 
0.3773 0.4403 0.1824 
0.4767 0.3983 0.125 
0.5303 0.3697 0.1 
0.2984 0.4266 0.275 
0.3016 0.4984 0.2 
0.1 0.4766 0.4234 
0.1 0.4189 0.4811 
0.0547 0.7588 0.1865 
0.0511 0.7461 0.2028 
0.2787 0.4963 0.225 
0.0974 0.3 0.6026 
0.083 0.692 0.225 
0.0955 0.7255 0.179 
0.1295 0.2205 0.65 
0.0209 0.6791 0.3 
0.0733 0.6267 0.3 
0.034 0.25 0.716 
0.05 0.25 0.7 
0.1428 0.325 0.5322 
0.325 0.675 
0.275 0.725 
0.35 0.65 
0.2556 0.7444 
0.1808 0.6692 0.15 
0.0206 0.25 0.7294 
0.0102 0.275 0.7148 
1.0 
1.0 
1.0 
1.0 
1.0 
1.0 
0.05 0.95 
1.0 
1.0 
1.0 
1.0 
1.0 
0.35 0.65 
1.0 
1.0 
1.0 
1.0 
0.05 0.95 
1.0 
1.0 
1.0 
0.1138 0.6862 0.2 
0.1138 0.6112 0.275 
0.014 0.686 0.3 
0.0422 0.7246 0.2332 
0.0424 0.7233 0.2343 
0.15 0.6341 0.2159 
0.15 0.75 0.1 
0.05 0.95 
1.0 
1.0 
1.0 
1.0 
1.0 
1.0 
1.0 
1.0 
1.0 
1.0 
1.0 
1.0 
1.0 
1.0 
1.0 
1.0 
1.0 
1.0 
1.0 
1.0 
0.4473 0.4027 0.15 
0.4063 0.5937 
0.2516 0.6484 0.1 
0.3118 0.5882 0.1 
0.4417 0.5583 
0.2832 0.4668 0.25 
0.3446 0.4804 0.175 
0.4767 0.3983 0.125 
0.5303 0.3697 0.1 
0.2984 0.4266 0.275 
0.3016 0.4984 0.2 
0.1 0.4766 0.4234 
0.1 0.4189 0.4811 
0.0547 0.7588 0.1865 
0.0511 0.7461 0.2028 
0.2287 0.5463 0.225 
0.0974 0.3 0.6026 
0.083 0.692 0.225 
0.0955 0.7255 0.179 
0.1295 0.2205 0.65 
0.0209 0.6791 0.3 
0.0733 0.6267 0.3 
0.034 0.25 0.716 
