1.000000 0.000002 0.000000 -0.000173 -0.000002 1.000000 -0.000000 -105.246254 -0.000000 -0.000000 1.000000 -1.765147 0.000000 0.000000 0.000000 1.000000 
1.000000 -0.000000 0.000000 -0.004644 -0.000000 0.998011 -0.063033 -110.144222 -0.000000 0.063033 0.998011 -8.984593 0.000000 0.000000 0.000000 1.000000 
1.000000 -0.000000 0.000000 -0.004644 -0.000000 0.991036 -0.133599 -120.269723 -0.000000 0.133599 0.991036 -17.551631 0.000000 0.000000 0.000000 1.000000 
1.000000 0.000000 0.000000 -0.004644 -0.000000 1.000000 0.000000 -129.605327 0.000000 -0.000000 1.000000 -0.238662 0.000000 0.000000 0.000000 1.000000 
1.000000 0.000000 0.000000 0.107557 -0.000000 1.000000 0.000000 -148.524857 0.000000 -0.000000 1.000000 3.497448 0.000000 0.000000 0.000000 1.000000 
1.000000 0.000000 0.000000 0.107557 -0.000000 1.000000 0.000000 -157.197845 0.000000 -0.000000 1.000000 0.178141 0.000000 0.000000 0.000000 1.000000 
1.000000 0.000000 0.000000 0.107557 -0.000000 1.000000 0.000000 -175.943146 0.000000 -0.000000 1.000000 -9.193199 0.000000 0.000000 0.000000 1.000000 
-0.005157 0.000000 -0.999987 -4.371457 0.982662 -0.185337 -0.005068 20.535856 -0.185335 -0.982675 0.000956 143.233693 0.000000 0.000000 0.000000 1.000000 
0.000001 -0.000000 -1.000000 -4.450585 1.000000 -0.000002 0.000001 -15.328677 -0.000002 -1.000000 -0.000000 142.863587 0.000000 0.000000 0.000000 1.000000 
0.017452 -0.000000 -0.999848 -5.146284 0.999848 -0.000001 0.017453 -39.818910 -0.000001 -1.000000 -0.000000 142.863556 0.000000 0.000000 0.000000 1.000000 
0.017452 -0.000000 -0.999848 -5.146284 0.999848 -0.000001 0.017453 -62.915514 -0.000001 -1.000000 -0.000000 142.863556 0.000000 0.000000 0.000000 1.000000 
0.524835 0.023277 -0.850886 -39.938329 0.766676 -0.447215 0.460659 13.046374 -0.369806 -0.894124 -0.252560 150.517014 0.000000 0.000000 0.000000 1.000000 
0.524831 0.023279 -0.850888 -39.938297 0.766678 -0.447215 0.460655 9.750929 -0.369807 -0.894123 -0.252560 150.517013 0.000000 0.000000 0.000000 1.000000 
0.524831 0.023279 -0.850888 -39.938284 0.766678 -0.447216 0.460655 6.194319 -0.369807 -0.894123 -0.252560 150.517002 0.000000 0.000000 0.000000 1.000000 
0.524831 0.023279 -0.850888 -39.938285 0.766678 -0.447216 0.460655 2.865319 -0.369807 -0.894123 -0.252560 150.517002 0.000000 0.000000 0.000000 1.000000 
0.022349 -0.000000 -0.999750 -3.182120 0.999750 -0.000062 0.022349 -73.996619 -0.000062 -1.000000 -0.000001 142.638619 0.000000 0.000000 0.000000 1.000000 
0.026672 -0.000000 -0.999644 -3.513365 0.999644 -0.000126 0.026672 -76.573085 -0.000126 -1.000000 -0.000003 142.643492 0.000000 0.000000 0.000000 1.000000 
0.028611 -0.000000 -0.999591 -3.665805 0.999591 -0.000154 0.028611 -78.562214 -0.000154 -1.000000 -0.000004 142.645695 0.000000 0.000000 0.000000 1.000000 
0.028611 -0.000000 -0.999591 -3.665805 0.999591 -0.000154 0.028611 -81.017695 -0.000154 -1.000000 -0.000004 142.645695 0.000000 0.000000 0.000000 1.000000 
0.016779 -0.000000 -0.999859 -5.096121 0.999859 0.000015 0.016778 -74.368815 0.000015 -1.000000 0.000000 142.862444 0.000000 0.000000 0.000000 1.000000 
0.016680 -0.000000 -0.999861 -5.088479 0.999861 0.000017 0.016680 -77.269643 0.000017 -1.000000 0.000000 142.862268 0.000000 0.000000 0.000000 1.000000 
0.017422 -0.000000 -0.999848 -5.147357 0.999848 -0.000000 0.017422 -79.263405 -0.000000 -1.000000 0.000000 142.863625 0.000000 0.000000 0.000000 1.000000 
0.017422 -0.000000 -0.999848 -5.147357 0.999848 -0.000000 0.017422 -81.548416 -0.000000 -1.000000 0.000000 142.863625 0.000000 0.000000 0.000000 1.000000 
0.017429 -0.000000 -0.999848 -7.391854 0.999848 -0.000001 0.017429 -73.521317 -0.000001 -1.000000 0.000000 143.131843 0.000000 0.000000 0.000000 1.000000 
0.015984 -0.000000 -0.999872 -7.281214 0.999872 0.000050 0.015983 -76.539244 0.000050 -1.000000 0.000001 143.127975 0.000000 0.000000 0.000000 1.000000 
0.017470 -0.000000 -0.999847 -7.398254 0.999847 -0.000002 0.017470 -78.720982 -0.000002 -1.000000 -0.000000 143.132020 0.000000 0.000000 0.000000 1.000000 
0.017470 -0.000000 -0.999847 -7.398254 0.999847 -0.000002 0.017470 -80.907120 -0.000002 -1.000000 -0.000000 143.132020 0.000000 0.000000 0.000000 1.000000 
0.017168 -0.000000 -0.999853 -9.153520 0.999853 0.000003 0.017168 -72.546851 0.000003 -1.000000 0.000000 142.521604 0.000000 0.000000 0.000000 1.000000 
0.018830 -0.000000 -0.999823 -9.278918 0.999823 -0.000023 0.018830 -75.428384 -0.000023 -1.000000 -0.000000 142.523541 0.000000 0.000000 0.000000 1.000000 
0.017114 -0.000000 -0.999854 -9.147180 0.999854 0.000003 0.017114 -76.745649 0.000003 -1.000000 0.000000 142.521509 0.000000 0.000000 0.000000 1.000000 
0.017114 -0.000000 -0.999854 -9.147180 0.999854 0.000003 0.017114 -78.758646 0.000003 -1.000000 0.000000 142.521509 0.000000 0.000000 0.000000 1.000000 
-0.005157 -0.000000 0.999987 4.371502 -0.982675 -0.185267 -0.005068 20.534751 0.185265 -0.982688 0.000955 143.233222 0.000000 0.000000 0.000000 1.000000 
0.000000 -0.000000 1.000000 4.450576 -1.000000 0.000000 0.000000 -15.319698 -0.000000 -1.000000 0.000000 142.864000 0.000000 0.000000 0.000000 1.000000 
0.017452 0.000001 0.999848 5.146014 -0.999848 -0.000043 0.017452 -39.803666 0.000043 -1.000000 0.000000 142.865727 0.000000 0.000000 0.000000 1.000000 
0.017452 0.000001 0.999848 5.146014 -0.999848 -0.000043 0.017452 -62.900266 0.000043 -1.000000 0.000000 142.865727 0.000000 0.000000 0.000000 1.000000 
0.522597 -0.017874 0.852392 39.023729 -0.766647 -0.447275 0.460648 13.063935 0.373020 -0.894218 -0.247448 150.751083 0.000000 0.000000 0.000000 1.000000 
0.522590 -0.017878 0.852397 39.023739 -0.766734 -0.447080 0.460694 9.735144 0.372853 -0.894316 -0.247347 150.753212 0.000000 0.000000 0.000000 1.000000 
0.522582 -0.017882 0.852401 39.023765 -0.766663 -0.447263 0.460635 6.209276 0.373010 -0.894224 -0.247441 150.751947 0.000000 0.000000 0.000000 1.000000 
0.522582 -0.017882 0.852401 39.023764 -0.766663 -0.447263 0.460635 2.880138 0.373010 -0.894224 -0.247441 150.751949 0.000000 0.000000 0.000000 1.000000 
0.022348 0.000001 0.999750 3.181704 -0.999750 0.000000 0.022347 -73.996161 0.000000 -1.000000 0.000001 142.634004 0.000000 0.000000 0.000000 1.000000 
0.026675 0.000001 0.999644 3.513229 -0.999644 0.000000 0.026675 -76.581702 0.000000 -1.000000 0.000001 142.634004 0.000000 0.000000 0.000000 1.000000 
0.028608 0.000001 0.999591 3.665226 -0.999591 -0.000407 0.028608 -78.516750 0.000407 -1.000000 -0.000011 142.665992 0.000000 0.000000 0.000000 1.000000 
0.028608 0.000001 0.999591 3.665226 -0.999591 -0.000407 0.028608 -80.972203 0.000407 -1.000000 -0.000011 142.665992 0.000000 0.000000 0.000000 1.000000 
0.016780 0.000001 0.999859 5.095986 -0.999859 0.000000 0.016780 -74.357395 0.000000 -1.000000 0.000001 142.864004 0.000000 0.000000 0.000000 1.000000 
0.016678 0.000001 0.999861 5.088061 -0.999861 0.000000 0.016677 -77.257918 0.000000 -1.000000 0.000001 142.864004 0.000000 0.000000 0.000000 1.000000 
0.017422 0.000001 0.999848 5.147056 -0.999848 0.000000 0.017422 -79.254110 0.000000 -1.000000 0.000001 142.864004 0.000000 0.000000 0.000000 1.000000 
0.017422 0.000001 0.999848 5.147056 -0.999848 0.000000 0.017422 -81.539110 0.000000 -1.000000 0.000001 142.864004 0.000000 0.000000 0.000000 1.000000 
0.017429 0.000001 0.999848 7.391588 -0.999848 0.000000 0.017429 -73.512124 0.000000 -1.000000 0.000001 143.132004 0.000000 0.000000 0.000000 1.000000 
0.015984 0.000001 0.999872 7.281032 -0.999872 0.000000 0.015984 -76.522824 0.000000 -1.000000 0.000001 143.132004 0.000000 0.000000 0.000000 1.000000 
0.017471 0.000001 0.999847 7.398044 -0.999847 0.000000 0.017471 -78.711917 0.000000 -1.000000 0.000001 143.132004 0.000000 0.000000 0.000000 1.000000 
0.017471 0.000001 0.999847 7.398044 -0.999847 0.000000 0.017471 -80.898117 0.000000 -1.000000 0.000001 143.132004 0.000000 0.000000 0.000000 1.000000 
0.017166 0.000001 0.999853 9.153109 -0.999853 0.000000 0.017166 -72.537174 0.000000 -1.000000 0.000001 142.522004 0.000000 0.000000 0.000000 1.000000 
0.018832 0.000001 0.999823 9.278747 -0.999823 0.000000 0.018832 -75.422424 0.000000 -1.000000 0.000001 142.522004 0.000000 0.000000 0.000000 1.000000 
0.017115 0.000001 0.999854 9.146984 -0.999854 0.000000 0.017115 -76.735846 0.000000 -1.000000 0.000001 142.522004 0.000000 0.000000 0.000000 1.000000 
0.017115 0.000001 0.999854 9.146984 -0.999854 0.000000 0.017115 -78.748846 0.000000 -1.000000 0.000001 142.522004 0.000000 0.000000 0.000000 1.000000 
-1.000000 0.000000 -0.000000 9.688760 -0.000000 -0.999411 0.034331 99.499757 -0.000000 0.034331 0.999411 -3.494507 0.000000 0.000000 0.000000 1.000000 
-1.000000 -0.000000 -0.000000 9.688765 0.000000 -0.994465 -0.105067 56.270002 -0.000000 -0.105067 0.994465 4.377813 0.000000 0.000000 0.000000 1.000000 
-0.998146 -0.030436 0.052713 10.296408 0.051851 -0.878761 0.474437 14.700776 0.031883 0.476290 0.878710 -5.448084 0.000000 0.000000 0.000000 1.000000 
-0.999158 -0.000002 0.041033 10.374742 0.041033 -0.000977 0.999157 -6.240755 0.000038 1.000000 0.000977 -0.015098 0.000000 0.000000 0.000000 1.000000 
-0.999158 -0.000002 0.041033 10.374740 0.041033 -0.000977 0.999157 -20.008961 0.000038 1.000000 0.000977 -0.015098 0.000000 0.000000 0.000000 1.000000 
-1.000000 -0.000000 0.000000 -9.688732 0.000000 -0.999411 0.034331 99.499782 0.000000 0.034331 0.999411 -3.494505 0.000000 0.000000 0.000000 1.000000 
-1.000000 0.000000 0.000000 -9.688763 -0.000000 -0.994465 -0.105067 56.269977 0.000000 -0.105067 0.994465 4.377810 0.000000 0.000000 0.000000 1.000000 
-0.998146 0.030433 -0.052714 -10.296354 -0.051848 -0.878761 0.474437 14.700781 -0.031884 0.476291 0.878710 -5.448099 0.000000 0.000000 0.000000 1.000000 
-0.999157 -0.000002 -0.041046 -10.374609 -0.041046 -0.000978 0.999157 -6.240897 -0.000042 1.000000 0.000977 -0.015121 0.000000 0.000000 0.000000 1.000000 
-0.999157 -0.000002 -0.041046 -10.374610 -0.041046 -0.000978 0.999157 -20.009066 -0.000042 1.000000 0.000977 -0.015121 0.000000 0.000000 0.000000 1.000000 
